"Species"	"Bri_males_SS"	"Bri_females_SS"	"Bri_males_NS"	"Bri_females_NS"	"Chr_males_SS"	"Chr_females_SS"	"Chr_males_NS"	"Chr_females_NS"
"Coeligena_bonapartei"	"Coeligena_bonapartei"	1.75753381657951	0.827909313510661	2.48726208937696	3.30899243906243	1.67441311061916	0.173220605283771	1.50741921143518	2.62836077927495
"Coeligena_torquata"	"Coeligena_torquata"	0.160018245055301	1.74415343463225	-0.483359014371153	-0.560190836326111	-0.368468897067784	-0.0718832249402072	-0.458529055852356	0.865752066868924
"Threnetes_ruckeri"	"Threnetes_ruckeri"	-0.602478131542939	-0.380062597143513	0.0722746565487634	-0.0117795188143202	-0.710765742966783	0.412226222121734	-0.239738434954442	-0.581548866408179
"Threnetes_leucurus"	"Threnetes_leucurus"	-1.19355327446905	-0.961486712026509	-0.315098363204842	0.286639901307289	0.0980979166361783	0.285743168872715	-0.0535236833706221	-0.251274641584072
"Phaethornis_rupurumii"	"Phaethornis_rupurumii"	-1.35338926300648	-1.36216294181959	-1.06715425198455	-1.24711652112826	-1.83785720631173	-1.65698723270841	-1.04062628911248	-1.56795841909542
"Phaethornis_longuemareus"	"Phaethornis_longuemareus"	-0.955622270201307	-0.854384351657444	-0.249686200447676	-0.358014565044206	-1.4783664658762	-0.686221169864514	-0.862844301807125	-1.04114377818223
"Phaethornis_nattereri"	"Phaethornis_nattereri"	-1.07194985409374	-0.887420641675504	-0.946184792883611	-0.945786318420044	-1.12986891592994	-0.782747036213253	-0.939229991389842	-0.632751630906741
"Coeligena_violifer"	"Coeligena_violifer"	1.47672775521694	-0.172071324697409	0.630180641102705	0.726366806693449	0.28754493048171	-0.0161471529235666	-0.287030673057904	0.582869663341466
"Phaethornis_atrimentalis"	"Phaethornis_atrimentalis"	-1.36200636147234	-1.31480171155654	-1.12755332902534	-1.19721651288801	-0.743610289218519	-0.860156102194373	0.321516239864362	-0.0816467806436056
"Phaethornis_striigularis"	"Phaethornis_striigularis"	-1.05531995157733	-1.01397206866408	-1.13056345431477	-1.27522616992503	-1.2643306245101	-1.12880737766237	-0.867605165522969	-0.943381615964368
"Phaethornis_griseogularis"	"Phaethornis_griseogularis"	-0.636653218364765	-0.951948603822125	0.142238052111674	-1.6377224171716	-0.29097549684102	-0.423183976296207	0.135754478641452	-0.0257964210483658
"Phaethornis_ruber"	"Phaethornis_ruber"	-1.27456716596572	-1.12491941771311	-1.21977039173562	-1.29630462418596	0.117969932489708	0.485074823516872	0.208457193721046	1.00041236195797
"Phaethornis_augusti"	"Phaethornis_augusti"	-0.102958754545248	0.505637019287111	0.456371989486816	0.765814448687759	-1.27025291055679	-0.466302832467151	0.217018067747982	-0.0593697941634824
"Phaethornis_pretrei"	"Phaethornis_pretrei"	-0.852636917330001	-1.03299036337737	-0.233225049010798	-1.00166735063857	-1.16391593082709	-0.532401539787338	0.11061512151937	0.0415405304655164
"Phaethornis_eurynome"	"Phaethornis_eurynome"	-1.36867517295407	-0.853314210326794	-1.04962439454543	-1.17827180063304	-1.27614231653912	-1.57635587182726	-0.689425702167723	-1.48731522816833
"Coeligena_wilsoni"	"Coeligena_wilsoni"	0.085552701478772	1.29490084187907	0.304544630863588	0.135352822433671	-1.41206919345786	-0.590149841671264	-2.25839712351194	-1.92280549598402
"Phaethornis_anthophilus"	"Phaethornis_anthophilus"	-0.943848721950594	-0.97098149261204	0.0788504504886195	-0.578404094984029	-1.35615794908494	-1.38451996264819	-0.761497499642835	-0.646299268386786
"Phaethornis_hispidus"	"Phaethornis_hispidus"	-1.00033085642358	-1.37731690249509	-0.167674734548404	-1.04516108502325	-1.83817220678338	-1.40137277420944	-1.51689854524345	-1.95000952615648
"Phaethornis_philippii"	"Phaethornis_philippii"	-1.1285928220519	-0.385843453742264	-1.05305971094982	-0.889069930448577	-0.994197983761906	-0.777367146901872	-0.854576460068713	-0.964893194399977
"Phaethornis_bourcieri"	"Phaethornis_bourcieri"	-0.682249593529704	-0.376555376426674	-1.14115232998331	-0.572347989793309	-1.46984260393401	-1.26794243024395	-1.12160272196286	-1.35036233208986
"Phaethornis_mexicanus"	"Phaethornis_mexicanus"	-0.648338447487656	-0.0501586203674527	0.271865261613724	-0.393623254188389	-1.31056649613771	-1.06612322775009	-0.8390658529468	-1.71049015101025
"Phaethornis_superciliosus"	"Phaethornis_superciliosus"	-0.955353299564847	-0.924167324655197	-0.0670845311309229	-1.07359755126903	-1.51022920508616	-1.15797306715619	-1.15753302682841	-1.20379902680816
"Phaethornis_malaris"	"Phaethornis_malaris"	-1.07115364728885	-1.1681783138014	-0.767642172855426	-0.430468707699634	-1.56225704546102	-1.41667784977066	-1.43281603508753	-0.950980510629477
"Coeligena_orina"	"Coeligena_orina"	2.42363977858711	0.403235622613803	1.45261181661932	0.812423681748686	2.31762835279314	-0.457651138851121	0.662054857966571	1.75639162442745
"Phaethornis_longirostris"	"Phaethornis_longirostris"	-1.08828636633084	-1.26231833061257	-1.05693931028453	-1.33151199834527	-1.52435151377065	-1.26406687111471	-1.09742534727292	-0.980500760189724
"Doryfera_johannae"	"Doryfera_johannae"	0.855201926758564	2.31141291314394	-0.58818810304209	0.0873095358322163	-0.368563618503597	-0.612765869098309	-1.2010347107933	-0.878152187298309
"Colibri_serrirostris"	"Colibri_serrirostris"	-0.276287894147107	-0.365002557261861	1.08844928941833	0.113144304592139	-0.198951066045876	0.615385380779528	0.0378579355380328	-0.348843564040775
"Androdon_aequatorialis"	"Androdon_aequatorialis"	-0.48554068774466	-0.239155436381431	0.661688691327266	0.599769933628092	-0.86013916925456	-1.1783019579049	-1.15290552806283	-1.37360613795493
"Heliactin_bilophus"	"Heliactin_bilophus"	0.773241775939971	0.121724091244258	0.227208972208658	-0.322055829360282	0.129111834154369	-0.694064526831366	-0.262289469032484	-0.0734355201644283
"Heliothryx_barroti"	"Heliothryx_barroti"	1.33007477443934	1.3603048834632	1.17469276572736	0.971044270674311	-1.0848737687614	-0.297894589473093	-0.237385436332495	0.408304795753306
"Heliothryx_auritus"	"Heliothryx_auritus"	0.235021620452277	0.0341958546825075	-0.161841351452558	0.111865801609046	-1.11979996999387	-0.547619912922237	-0.380990905181005	-0.0488548113584674
"Ocreatus_underwoodii"	"Ocreatus_underwoodii"	0.0442252698847675	0.893519062206852	-0.0769776766848032	0.778981372528733	0.89324523953323	-0.454159940003529	0.19885289569591	-0.107653431124225
"Polytmus_guainumbi"	"Polytmus_guainumbi"	0.151366226357621	0.135527132804077	1.12410296282216	1.08887340990474	-0.0649786788974038	0.121481401763679	1.07142664827346	0.561136006790676
"Polytmus_theresiae"	"Polytmus_theresiae"	-0.982521009546401	-0.425728073925822	0.0754339170969988	-0.107568151158071	0.386962455901067	0.789323355042782	1.13786556893193	1.69357801805948
"Avocettula_recurvirostris"	"Avocettula_recurvirostris"	-0.965413388465571	-1.15477650539289	-0.683141324766329	-1.01011932667406	-0.251379052988135	-1.02380810338417	0.460127244819417	0.665998024315394
"Anthracothorax_viridigula"	"Anthracothorax_viridigula"	-0.572618452817467	-1.00356112486664	-0.218536954702822	1.07518983255741	0.0447437295861028	-0.0846292716793547	0.28591810617496	0.0431490940767249
"Anthracothorax_prevostii"	"Anthracothorax_prevostii"	-1.37707570356266	-1.41474064304775	-0.881881632662411	-1.01940163521265	-1.1180727984266	-0.534454709447221	-0.229753615699234	0.887239782403493
"Anthracothorax_nigricollis"	"Anthracothorax_nigricollis"	-1.17569294038357	-0.907365220524345	-0.597715515429221	0.432036452453038	-1.09596576960403	-1.11286082813717	-0.239652952909856	-0.0829997788402052
"Eutoxeres_aquila"	"Eutoxeres_aquila"	-0.810869992488789	-0.349268316813305	-0.0469762530781953	-0.531685523967105	-1.389298661853	-0.771170763746489	-1.03464962422779	-0.751749978397821
"Eulampis_holosericeus"	"Eulampis_holosericeus"	-0.7444873398337	-0.844279500041985	-1.15972365182508	-1.43224915827216	0.548827636201184	0.774886665479859	0.254619260131257	-0.32882905386141
"Eulampis_jugularis"	"Eulampis_jugularis"	-1.15004045580374	-1.13688022859365	-1.06835397382878	-1.44333542576303	-0.193623346906734	0.509365200193127	-0.565825878747367	-1.045104860829
"Heliangelus_strophianus"	"Heliangelus_strophianus"	1.54373508970468	2.45645156539924	-1.46024510952871	-1.51357497519589	-0.171718262925067	0.50472250553786	-0.406673481618241	0.445655148133066
"Heliangelus_micraster"	"Heliangelus_micraster"	0.984544524848527	2.40672756815069	-1.58322587620858	-1.50306074088694	1.75719472870026	3.24077166940907	-0.174395955091941	0.396151383975547
"Adelomyia_melanogenys"	"Adelomyia_melanogenys"	-0.652804218267424	-0.98157422847977	0.482236193269501	0.565332396567904	-1.11871942379161	0.0228138619743686	-0.353345571913499	0.521534867769476
"Heliangelus_viola"	"Heliangelus_viola"	1.52574738605104	1.81261476108687	-0.845677242579928	-0.446589024977034	0.927942237189861	2.2997964395772	0.964167443130587	1.5174206572425
"Sephanoides_sephanoides"	"Sephanoides_sephanoides"	0.695130226405189	0.344351442933306	-0.496900254359015	-0.025648099196663	0.571470602809633	-0.633939919995373	-0.220609231579977	0.462884051634471
"Sephanoides_fernandensis"	"Sephanoides_fernandensis"	0.935661919387382	0.544135377117042	-1.44024444328422	0.0459837094987769	0.246471519012633	0.184004444411446	-0.356133730203656	-0.0608780706094543
"Discosura_conversii"	"Discosura_conversii"	-1.06382393055582	-1.30396799575998	0.767910331668349	0.230196145367983	0.32475082869134	-1.2273459852483	-1.00058124310755	-1.58482611378416
"Discosura_popelairii"	"Discosura_popelairii"	-1.40668482855311	-1.3380842065637	-1.01752927234688	-0.0243978334920594	0.324291275536679	-0.821651940820795	-1.15801873919807	-1.44528926107279
"Discosura_langsdorffi"	"Discosura_langsdorffi"	-0.35014368414655	-0.357134473769432	-1.03157605033099	-0.172217208764842	0.400649048462497	0.745256521100716	-0.788357071341338	-0.522126831994167
"Discosura_longicaudus"	"Discosura_longicaudus"	-0.916782053711598	-1.47305645379545	-0.38994090109314	-0.857422445972014	0.567748484452511	-0.310357721390714	0.182432927152062	-0.490617490112901
"Colibri_thalassinus"	"Colibri_thalassinus"	0.0486645125192283	0.22151081965186	1.48896872203867	1.21343304804944	-0.122295467957664	0.633740649885634	0.234829264225808	0.841537435689352
"Lophornis_delattrei"	"Lophornis_delattrei"	-1.02988094383874	-0.601115864446706	-0.683386930407377	-0.471083456261681	-0.737004190335155	-0.599990898804287	-0.356830247075032	-0.670078826322877
"Lophornis_chalybeus"	"Lophornis_chalybeus"	-0.50122159140767	-1.27012908638013	-0.57547340944398	0.0654564653096897	0.244477420074159	-0.760151684916648	-1.29869558002214	-1.04056108358584
"Heliangelus_exortis"	"Heliangelus_exortis"	1.78463133276691	1.35138992035721	-0.748385992011568	-0.359385042887059	0.237861675597701	0.0611670684814502	-0.00267845967010326	-0.175079770230155
"Sappho_sparganurus"	"Sappho_sparganurus"	0.164533191979002	-0.9443797146951	0.655930654706017	1.06780220873528	0.424708967018686	0.634268418876474	0.622768867668012	0.518563743546156
"Oreotrochilus_chimborazo"	"Oreotrochilus_chimborazo"	1.62116941956026	-0.742630844512102	0.0446014838671755	-0.876803762319623	1.25899660923339	-0.88618398276935	-1.74380460677335	-1.93488788723452
"Eriocnemis_vestita"	"Eriocnemis_vestita"	0.396588699512614	2.79347277733116	1.39965622159475	1.69992787955293	1.23969295784802	1.8249278785044	1.57913507375681	1.63724511216091
"Opisthoprora_euryptera"	"Opisthoprora_euryptera"	-1.06723711862174	-0.737289914842578	-0.420302367348774	-0.670093239317181	-0.728494944888129	0.470559540414486	0.682610509920999	0.73944447508688
"Chalcostigma_stanleyi"	"Chalcostigma_stanleyi"	0.67464594237541	-1.30184536304009	-1.67770308402217	-1.66115840101889	-0.541566150227215	-0.114662203627595	-1.92822414727865	-1.82737933127615
"Coeligena_coeligena"	"Coeligena_coeligena"	-0.653875982513581	-0.100020002614195	-0.217347170498349	-0.550294492804153	-1.54317793510599	-1.0671067377826	-0.86521714040657	-0.625198065958619
"Colibri_delphinae"	"Colibri_delphinae"	-0.815071708063235	0.345608385704711	-0.164945625573783	0.0774469251022062	-0.916268831917629	-0.424078628013759	-1.46274459081104	-1.06767844642413
"Oxypogon_guerinii"	"Oxypogon_guerinii"	0.342474836133473	1.26870528472573	-1.01725336002101	-1.09990406187565	-0.481775078079612	-0.190140590907669	-0.636370130574688	-0.996470749487324
"Metallura_odomae"	"Metallura_odomae"	-0.826885428537829	-0.654978238051416	-1.2607899899606	-1.51700325537417	0.93394683843204	2.42938876086277	1.02077349028649	1.09921197666523
"Metallura_phoebe"	"Metallura_phoebe"	-0.809505279121519	-0.412464411386482	-1.93231830572362	-2.16107187467449	-1.47029098210648	-0.593304003312221	-1.3655080420884	-1.8548141118626
"Florisuga_mellivora"	"Florisuga_mellivora"	-1.02598699024858	-0.368487894170216	2.12092559568736	1.4345450704415	-0.873108296190383	-0.611978514277516	-0.830626626135944	-0.607265015029078
"Haplophaedia_lugens"	"Haplophaedia_lugens"	-1.2586690143796	-1.00546020394683	-0.861359310206379	-0.779899036231849	-1.31158555227838	-0.948602581353778	-1.02860908831872	-0.941022119669889
"Eriocnemis_nigrivestis"	"Eriocnemis_nigrivestis"	0.599043898819981	2.34901006179822	-1.58774636176675	0.420633116163298	0.903180102159945	1.5284136229641	-1.67958221449817	1.17234075227547
"Eriocnemis_derbyi"	"Eriocnemis_derbyi"	-1.03871123098703	-0.984787762436404	2.35186804931311	2.73402202657503	-0.45119626742282	0.908239258356201	0.990018340987904	1.90569823389179
"Eriocnemis_mosquera"	"Eriocnemis_mosquera"	-1.06647560676332	-0.999987754811956	-0.839169603724711	-0.805517639809138	0.453152908939054	1.4624429744539	0.987618788869314	1.70558949305999
"Aglaiocercus_kingii"	"Aglaiocercus_kingii"	0.496083121577347	0.299465471643645	0.478502772764096	-0.242095760943971	1.16385192190859	1.20357186165726	1.58208300441631	1.41918258460871
"Eriocnemis_alinae"	"Eriocnemis_alinae"	-0.050948781534712	0.345080584436787	1.95539452996859	2.38437934962335	0.961441066829573	1.78472263200976	1.98519934373243	2.47301882944941
"Amazilia_saucerottei"	"Amazilia_saucerottei"	-0.167513500962278	-0.460965264645616	0.241563765773131	-0.620432522032451	0.0332028855312462	1.31818666785971	-0.441680675132698	0.719308095761634
"Ensifera_ensifera"	"Ensifera_ensifera"	-1.092834024881	-0.587481556737227	-0.726804519689784	-0.263327715227516	-1.35204543535999	-0.389549287815543	-0.00665799413167108	1.45642961078014
"Pterophanes_cyanopterus"	"Pterophanes_cyanopterus"	-1.20419528517656	-0.453403109907296	-1.3338472650884	-0.923426505728218	-0.329169424635505	-1.07165900993487	0.991456716113509	1.06860969175453
"Boissonneaua_flavescens"	"Boissonneaua_flavescens"	-1.11349529650292	-0.594573051618277	-0.983215019230136	-0.794505549316426	0.0396421732261471	0.364938064871982	0.269381092917214	0.521938647631392
"Boissonneaua_jardini"	"Boissonneaua_jardini"	0.129998531613001	1.93911481064009	1.84970203463751	-0.164308519289667	1.0431720321741	0.900382291693431	1.5764030145076	1.44768128544184
"Urochroa_bougueri"	"Urochroa_bougueri"	-0.828171146528313	-0.329447206323922	-0.414293072151456	-0.982422172357188	0.237911459852068	1.53641290444622	-0.85652546651541	-1.24750899762981
"Urosticte_benjamini"	"Urosticte_benjamini"	-0.468683055608802	-0.558079160206626	-1.16597897845904	-1.02552422303136	1.11269433608249	0.785272212503975	0.877658385705849	1.12421088162196
"Urosticte_ruficrissa"	"Urosticte_ruficrissa"	-0.656687262740922	0.717765042893486	-1.35723722813814	-0.654711712494486	1.02579882689437	2.07020078930928	1.29283807372405	1.35636502847073
"Heliodoxa_xanthogonys"	"Heliodoxa_xanthogonys"	0.957736414368319	0.015809629185641	-0.876261121749496	-1.05482774488099	0.924992375799037	1.53526321552595	-0.848268504330649	0.956290777475335
"Phaethornis_syrmatophorus"	"Phaethornis_syrmatophorus"	-0.549397966882438	-1.10663932362928	0.143371874323674	-0.780339408291088	-1.57737358630679	-0.601392205541759	-0.801281444760203	-0.223011691094003
"Heliodoxa_gularis"	"Heliodoxa_gularis"	0.970856586884574	0.962647366186208	-0.903121379270366	-0.589708858130223	0.0136622780755813	1.56832787809714	0.0879147658409525	1.18370021601599
"Heliodoxa_schreibersii"	"Heliodoxa_schreibersii"	0.674451911207475	2.56467795332621	-1.2056322220742	-0.789496211626498	1.24299868308872	2.17100132253696	-0.483613182472185	0.235410643387792
"Heliodoxa_aurescens"	"Heliodoxa_aurescens"	0.0995023144545686	0.910414801895655	-0.516357814789391	-0.689008524795132	1.36692603943855	1.83346722718775	1.32778742071635	1.90810198399961
"Heliodoxa_jacula"	"Heliodoxa_jacula"	1.18745711552535	0.26738287065949	-0.355604243112797	-0.0620857380620704	1.49038737092231	1.38355439267901	1.1389505009436	1.3429336965228
"Heliodoxa_imperatrix"	"Heliodoxa_imperatrix"	1.26568356367468	-0.424514869499574	-0.423040023785657	0.236847705405194	0.388171167378438	1.08059951563561	1.38236189173654	1.89887800876893
"Clytolaema_rubricauda"	"Clytolaema_rubricauda"	2.4419821557153	-0.630836178686109	-1.29966133817397	-1.21181840475858	0.560022606855974	0.894724055390363	-0.229882575184083	0.271439099652196
"Chlorostilbon_canivetii"	"Chlorostilbon_canivetii"	0.865696782081483	0.201379974397823	1.07873587917089	0.236209093988772	1.31925964983057	0.0606358470118965	0.73096461422449	0.662972089550581
"Chlorostilbon_assimilis"	"Chlorostilbon_assimilis"	-1.31706792363636	-1.15496370444366	-1.01852168236236	-0.850858112268039	0.304510291292628	-0.399362939179695	1.01312031705039	-0.399325653072732
"Chlorostilbon_ricordii"	"Chlorostilbon_ricordii"	0.365699104475595	-0.0997453104796699	-0.477610261275762	-0.57871318336858	0.296871995579995	-0.340815543183747	0.770780117973954	0.703391951127821
"Chlorostilbon_lucidus"	"Chlorostilbon_lucidus"	0.353428871452567	-0.211318876286713	0.458975773698446	-0.480258594917715	1.00071363958144	0.19439264794595	1.51442977262016	-0.149227176930825
"Chlorostilbon_poortmani"	"Chlorostilbon_poortmani"	0.376035802658663	-0.700102606067308	1.69993135841774	-0.482268969724014	0.981690939866765	-0.418332054142126	1.6366536111779	0.100065248983221
"Chlorostilbon_notatus"	"Chlorostilbon_notatus"	-0.490312476642377	-0.520509768674124	0.642543678045212	0.211291871829408	0.550246528717048	1.41636773725187	1.11573216626182	-0.40889667669501
"Cynanthus_sordidus"	"Cynanthus_sordidus"	-0.888238743183858	-0.0896007773200853	-0.0152780485572682	0.150076129700457	-1.46054814804283	-1.37397615091953	-1.21141239858485	-1.93000912140876
"Cynanthus_doubledayi"	"Cynanthus_doubledayi"	0.625901018507866	-0.0385466200058537	-0.470493506738153	0.152499445964532	0.833544681753462	-1.16676157936524	-0.485529231592366	-1.42908511813896
"Cyanophaia_bicolor"	"Cyanophaia_bicolor"	-1.20081942742719	0.0496777391826444	-0.931301602350397	0.0586658665139936	-0.451474599469245	-0.683389257019646	-0.134446165038079	-0.830034649448977
"Abeillia_abeillei"	"Abeillia_abeillei"	0.221068371919356	-0.382522961401776	-0.174416850598533	-0.473703124239767	0.373762763238029	-0.440322725789708	0.0435918382765947	-0.429805066617797
"Stephanoxis_lalandi"	"Stephanoxis_lalandi"	0.500100188260521	-0.68140723032098	-1.15456757507914	-0.525286568770611	1.06297313791416	-0.176210343233276	0.768572863729399	-0.0250094356069233
"Haplophaedia_aureliae"	"Haplophaedia_aureliae"	-1.1361196131789	-0.557529061886574	0.381216600445304	-0.45669923203821	-0.433463363535501	1.2493459567321	-0.862609578291573	0.428004222859575
"Aphantochroa_cirrochloris"	"Aphantochroa_cirrochloris"	-0.986513635041916	-0.854505569364769	-1.03595273081298	-1.16737081988735	-1.03216256861028	-0.997346539287765	-0.825441080903413	-1.5909429871057
"Phaeochroa_cuvierii"	"Phaeochroa_cuvierii"	-1.02782213502743	-0.524217291091287	0.296712106172495	0.017928680911376	-0.159613625563518	0.129240762538076	0.0489638697726374	0.209050898580637
"Campylopterus_largipennis"	"Campylopterus_largipennis"	-0.672918584042881	-0.289574903831132	0.42501399644698	-0.130826863412284	-1.7454431207772	-1.37341647370902	-1.28068608779662	-1.34272190274693
"Campylopterus_rufus"	"Campylopterus_rufus"	-0.300012149086171	-0.209199651000322	0.648705104872953	-0.646976758520646	-0.515346099005854	0.278473229944327	0.0898583011547176	0.706577894883389
"Campylopterus_ensipennis"	"Campylopterus_ensipennis"	0.770361777197442	-1.32759506688179	1.49163170869661	-0.149202944402296	0.896317289224292	1.15921233164871	1.32316122945171	0.756845695088533
"Phaethornis_guy"	"Phaethornis_guy"	-0.592282186397472	-0.0312767319190577	0.803642261040967	0.803221867396238	-0.983924065931368	-0.183006098590296	-0.240479296771205	-0.594116272283703
"Eupetomena_macroura"	"Eupetomena_macroura"	-1.15807636282384	-0.537578463901148	-1.17960958803697	-1.01222135914051	0.77568932699704	2.17863746014694	-0.862020843265068	-0.48891880213631
"Eupherusa_cyanophrys"	"Eupherusa_cyanophrys"	0.724656533236382	0.308325383947833	-0.0117070708668732	0.219139579354201	1.97589216914627	-1.15825832232719	-0.0751998658185481	-0.947199769264555
"Eupherusa_poliocerca"	"Eupherusa_poliocerca"	-0.341444066028728	1.14122599422867	-0.0508107739996546	0.480907465543518	0.267606552681138	-0.962832266206831	0.36889692810985	-1.02659200278969
"Eupherusa_nigriventris"	"Eupherusa_nigriventris"	-1.47951065884564	-0.60396323879638	-1.26494313429798	-0.335595611885759	-1.29854592365239	-0.751156459947218	-0.315080411566643	-0.427494621256011
"Elvira_chionura"	"Elvira_chionura"	-0.80169657796715	-0.83590220270376	-0.762278559885256	0.680475295253913	0.246965480002531	-0.630497373763559	0.484519108129282	0.598143977819327
"Elvira_cupreiceps"	"Elvira_cupreiceps"	-0.811809626557884	-0.283529422750488	-0.577997554786582	-0.824615387359993	0.514214799905447	-0.404532175152148	1.30699973142487	0.0233898806360217
"Microchera_albocoronata"	"Microchera_albocoronata"	0.353441434335689	-0.949871213008367	-1.00240260542302	-0.725808657679575	-1.89086776570055	-1.05937380373873	0.126797360126858	-0.890234583310001
"Chalybura_buffonii"	"Chalybura_buffonii"	-1.03172225869285	-0.153353151730157	-0.938134984802165	-0.352872499998004	-0.010199432632558	-0.818271991488965	0.388106638142812	0.0116137742843606
"Chalybura_urochrysia"	"Chalybura_urochrysia"	-1.11213041476555	-0.60496552790516	-0.769137585786388	-0.197157267016342	0.818324873657326	-0.515926275964608	0.7567873707349	0.185916233738485
"Heliodoxa_rubinoides"	"Heliodoxa_rubinoides"	1.39368535887869	3.21873876580392	0.312280494605212	-0.719059382111716	0.475673966374149	1.056285112728	0.108836842798767	-0.148318625289021
"Thalurania_ridgwayi"	"Thalurania_ridgwayi"	0.317302815061446	0.342491750775794	-0.427352489345194	0.514894653574651	1.44865247852521	-0.982800120393923	-1.05522838120983	-1.38203520333708
"Thalurania_furcata"	"Thalurania_furcata"	0.100610705600517	-0.154124216995258	-0.360028202353331	0.0443442268479706	-0.175395753251854	-0.551265401014572	0.57490445184699	-0.277076239194503
"Thalurania_glaucopis"	"Thalurania_glaucopis"	-0.698999918929173	-0.182589310526696	-0.493785088611163	-0.12477357165834	1.19645514706114	-0.669121917584041	0.965173255862836	-0.337483491283266
"Taphrospilus_hypostictus"	"Taphrospilus_hypostictus"	-1.16724001122667	-0.733027607668802	-0.481670321651758	0.347078390195075	-1.05328413337916	-0.242618932293878	-0.0783705912245508	-0.521667746705418
"Leucochloris_albicollis"	"Leucochloris_albicollis"	-0.343133057080892	-0.0227009552194532	-0.188029153118594	0.191839233931448	-1.3450289453018	-1.0293425842772	0.513543107381134	0.626656761118944
"Leucippus_fallax"	"Leucippus_fallax"	-0.689951291006503	-0.502986332737685	1.00743442048816	0.211315858828543	-1.47742143521992	-0.593392918767328	-1.08794527583048	-1.19119661655281
"Leucippus_chlorocercus"	"Leucippus_chlorocercus"	-0.753026218158582	-0.513973747718893	0.737163273123945	0.615657078417774	-1.30720201881047	-0.919620190327405	-1.02709498777199	-0.849094943916769
"Doryfera_ludoviciae"	"Doryfera_ludoviciae"	0.393381976124328	0.817458777458092	0.323915464691596	-0.1334415554165	-0.215488754401876	0.616533060111783	-0.724703531209622	-0.733656532773909
"Amazilia_castaneiventris"	"Amazilia_castaneiventris"	-0.666222034447192	-0.0718287190797775	-0.141647202472379	-0.183410779281774	-0.282124282452864	0.608323332978793	-0.308118366828576	-0.75181132626414
"Amazilia_amazilia"	"Amazilia_amazilia"	-0.409450432637897	0.787563255271557	0.304161403767412	1.01167936945839	-0.296162302781567	1.25136502831203	0.0928579885769416	-0.037401654108111
"Amazilia_leucogaster"	"Amazilia_leucogaster"	0.196235343742045	0.0292117708967537	0.948755650584186	0.536115756309775	-0.780676490913937	-1.09786361472661	0.649475064325169	0.0960673854631736
"Amazilia_versicolor"	"Amazilia_versicolor"	-0.293217177788776	0.124351671074633	-0.219270253608443	-0.634368210605571	-0.218050188048255	0.913370019896793	-0.129784074319908	-0.233204957525337
"Amazilia_candida"	"Amazilia_candida"	0.361686492825652	1.53084930148749	0.589429391569459	0.405396911703302	-1.77535732121138	-1.06114999328432	-0.197504526666765	-0.964995033660016
"Amazilia_amabilis"	"Amazilia_amabilis"	-0.374821649413786	-0.101266394863247	0.667687028462076	-0.604764039476732	0.107982359662821	1.16105780336769	0.26849647735326	0.221068188734915
"Amazilia_decora"	"Amazilia_decora"	-0.792308228463651	-0.0415440666985881	-0.707909224894134	-1.03433543478806	0.00566327016231219	0.941188354402655	-0.362998219855201	-0.298837074769856
"Colibri_coruscans"	"Colibri_coruscans"	-0.41801785474413	0.215839317626937	1.26013258293283	0.346061173713246	-0.112875344054928	0.941787994843135	0.721190416526951	1.28311257695402
"Amazilia_cyanura"	"Amazilia_cyanura"	-0.672337351714075	0.599341981543777	-0.397116975157244	-0.677094624363064	-0.375280221012979	0.753493141862796	-0.407446424953169	-0.552452977535652
"Amazilia_viridifrons"	"Amazilia_viridifrons"	0.352458162058901	1.70439252874816	1.92333120533344	0.482250988747158	-1.97582776923686	-1.48185851542913	-1.86101613956154	-2.20287034130888
"Amazilia_fimbriata"	"Amazilia_fimbriata"	-1.17620994944348	-0.318684911622818	-0.276997968007919	-0.281292739557203	-0.326123608345417	0.294949548121027	0.0268355664293757	0.444666015346262
"Amazilia_lactea"	"Amazilia_lactea"	-0.896738673038965	-0.947255012270589	-0.924558100257707	-0.899921303813408	-0.414880927366612	0.341740998794323	-0.611919778210396	0.128287740966914
"Amazilia_rosenbergi"	"Amazilia_rosenbergi"	-0.570855069424326	0.282563374180878	0.898928514489476	-0.592245207855992	0.17664463305855	1.21248558070912	1.11995671778169	0.645493872127616
"Amazilia_edward"	"Amazilia_edward"	-0.607329726972697	-0.246667817824022	0.5930179895902	0.980500105473215	0.138267278074043	0.84591078829566	-0.618690362964327	-0.239499817250161
"Amazilia_viridigaster"	"Amazilia_viridigaster"	-0.641752713825703	-0.682030564742141	-0.797438826985497	-0.901635168361174	0.505553562205747	0.984584507138231	-0.140301007283663	0.255662547179659
"Amazilia_franciae"	"Amazilia_franciae"	1.18222573647745	0.998339760096927	2.42743303393131	0.985463255773756	-0.880676223340969	-0.157763747543412	-0.315921041406016	-0.634889354186401
"Amazilia_tobaci"	"Amazilia_tobaci"	-0.922418256595961	-0.167819165846414	-1.0607367841454	-0.975923377824054	1.3296855054754	2.48568333848036	1.08447410722237	2.31244628159534
"Hylocharis_sapphirina"	"Hylocharis_sapphirina"	-0.959387319768211	-0.850884665169592	-0.569522846083694	-0.199871229471313	0.509241399890407	-0.236203190636676	-0.190586283248047	-0.773821528582353
"Hylocharis_grayi"	"Hylocharis_grayi"	0.0546053986203479	-0.220014122708458	0.533655219343621	0.00926245966274544	2.13643202161344	-0.865132523616528	1.17400958981341	0.0426357505125233
"Chrysuronia_oenone"	"Chrysuronia_oenone"	1.13966986381317	-0.19041380793496	0.602231782329794	0.428629747764405	2.34442672600784	-0.469441927311396	1.65846270079261	0.592728629262593
"Goldmania_violiceps"	"Goldmania_violiceps"	-0.0519375325079451	-0.352133044548889	-0.234512442024867	0.0311062120396939	2.06424444599129	-0.510844092138456	1.39848921479493	0.257051153630279
"Lepidopyga_coeruleogularis"	"Lepidopyga_coeruleogularis"	0.245300459877609	-0.247499266463897	0.0708734899074151	0.13815015864003	0.650889456416466	-1.19349474063618	0.445670406914864	-0.201413596224704
"Lepidopyga_goudoti"	"Lepidopyga_goudoti"	0.380514325141254	0.205339645550618	1.65693650519597	1.26980572370332	0.0130652561405516	1.28336967210791	1.02954356841474	0.906424694516248
"Damophila_julie"	"Damophila_julie"	-0.158808895885089	-0.280779386835679	0.149760947689262	0.190155420681356	0.748890677313649	0.75804784917089	1.86113016431897	0.0868035713254187
"Hylocharis_cyanus"	"Hylocharis_cyanus"	-0.901215422815032	-0.467849907226836	-0.206990676510892	0.183118861759522	0.691895855868589	-0.88734448617395	-0.0670840929731253	-0.81457481222204
"Hylocharis_chrysura"	"Hylocharis_chrysura"	-0.850441261319121	-0.629553914426214	1.07321205039883	0.400447143871864	-0.10652186047248	-0.0162543890009001	1.2231468723048	0.536575440289861
"Hylocharis_leucotis"	"Hylocharis_leucotis"	0.550273301451266	-0.0255539276452516	0.534014352692382	0.969951800865048	0.0114733939091715	-0.791020195226052	0.534272343140434	0.96058822821975
"Panterpe_insignis"	"Panterpe_insignis"	1.66322830081477	4.07463893585795	0.357527492779367	1.17564240353582	1.52621237057212	3.71226199371166	0.679460395616678	1.55392368168794
"Heliomaster_squamosus"	"Heliomaster_squamosus"	2.05337444890412	-0.640612643592472	-0.336009981292326	-0.694688716046012	0.161861879466711	-0.710011770153965	0.398625196130274	0.833527609178201
"Lesbia_victoriae"	"Lesbia_victoriae"	0.569432304404293	2.01117637060801	-0.441773785881276	1.64413894000128	0.665451010384279	1.74081724317779	-0.104649607749826	0.125004786808773
"Heliomaster_furcifer"	"Heliomaster_furcifer"	1.89883110428582	0.864171057566105	1.60142809088316	0.110796537035409	0.0102819596728539	-0.865572728603	1.02292155949109	-0.357763786874777
"Lampornis_viridipallens"	"Lampornis_viridipallens"	1.23302135306371	0.675717409069181	0.0796692233629462	1.07733366339978	-0.591822625836599	-0.682812738889604	-1.50608688747769	-0.986663958540382
"Lampornis_hemileucus"	"Lampornis_hemileucus"	-0.414200170350331	-0.292569391899197	1.24471503104497	0.0717844555068618	0.961117662448723	-0.250632264303861	-0.61695241899905	0.028367832386022
"Lampornis_calolaemus"	"Lampornis_calolaemus"	1.49897812395088	-0.882239519481897	-0.719387765623303	-0.770847984553705	0.669864472677259	0.821277598701938	-0.0291474415073902	0.974066531720042
"Lampornis_cinereicauda"	"Lampornis_cinereicauda"	1.35853315638839	-0.55312357411552	0.319381359077048	-0.245657235973432	-0.899141073777659	0.450512554712049	0.132362264267177	0.496404557753685
"Lampornis_castaneoventris"	"Lampornis_castaneoventris"	1.46904160305449	-0.296092374594843	-0.280024499968581	0.141450441448809	-1.06728334084225	0.565000712374759	0.703467350949125	0.618504977397133
"Myrtis_fanny"	"Myrtis_fanny"	0.286468892514119	-0.719287930027754	-0.0280789412407828	-0.192455897253825	-0.191281946181978	-1.2513107765469	-0.682644800842833	-0.0392002009051465
"Rhodopis_vesper"	"Rhodopis_vesper"	1.2519427269289	-0.136816635107596	1.01260000303614	0.185560827829943	-0.718284252920492	-1.20530364350046	-0.979012322950683	-0.856416555696088
"Selasphorus_rufus"	"Selasphorus_rufus"	0.466111276714238	0.52307438605904	-0.284985531929147	-0.0527371453352236	1.37360326054999	0.260820658491949	0.341734845838744	0.664687879261708
"Chaetocercus_mulsant"	"Chaetocercus_mulsant"	0.608456688867124	0.363398540600023	-0.795336749966255	-0.238762357643636	-0.0967380932799336	-0.0797291909154714	0.142016090469132	0.855203047756662
"Chaetocercus_bombus"	"Chaetocercus_bombus"	-0.666129716291899	-0.90313399161535	-1.28778111570632	-1.31277076752227	0.159599560881168	-0.669603297060746	-0.783621324539445	-1.04716877987517
"Myrmia_micrura"	"Myrmia_micrura"	-0.361126492791903	-0.390200507821121	0.43139602211636	0.397171665974765	-1.29650852162533	-0.578191620547958	-0.51741830481525	-0.407416122746272
"Microstilbon_burmeisteri"	"Microstilbon_burmeisteri"	0.480422516993194	-0.792988559918903	-0.994407783986555	-0.91529410764687	-0.115380590892819	-0.355670202071322	0.77312199499157	0.0256314785112344
"Calliphlox_amethystina"	"Calliphlox_amethystina"	-0.752256492716291	-0.699986140178435	-0.579037716082542	-0.550806972527238	0.236860364700854	-0.672888017847003	-0.668168452287377	0.0907016558701798
"Calypte_costae"	"Calypte_costae"	3.54295159096671	1.87458849308714	0.944451154387936	1.78686946974372	-0.0544816376406789	-0.420250156156333	-1.42760735562014	-0.0167472869228178
"Calliphlox_bryantae"	"Calliphlox_bryantae"	-0.400022145316299	-0.414174519013247	-0.802685943122022	0.0198080325765433	-1.15434401743141	-0.58585476591253	-0.902556064083159	0.475620704205486
"Doricha_eliza"	"Doricha_eliza"	2.21735469364392	0.621243354331553	1.27907978785594	0.97086845497533	-0.572552696887342	-1.28593779290642	-0.746703072209198	-1.22912929022726
"Tilmatura_dupontii"	"Tilmatura_dupontii"	-0.836709827903285	0.386991246526082	-0.192042795672494	-0.0350884333886308	0.0149275852432813	-0.977416422406823	0.466370460054822	-1.41863365083706
"Selasphorus_flammula"	"Selasphorus_flammula"	-0.225959879384564	-0.903993499563479	-0.467174943549319	-0.491888502154718	0.145349821243762	-0.105729763106484	-0.386269384204557	0.234611457859817
"Selasphorus_scintilla"	"Selasphorus_scintilla"	0.600736482305521	-0.210320528787402	-0.180900493251343	-0.0818360695837025	1.07881076633151	-0.899045410497826	0.554301067638741	0.578133431849699
"Selasphorus_platycercus"	"Selasphorus_platycercus"	0.826799821039855	1.35352514287905	2.04827437598269	1.80881183602684	1.1670889116531	0.105962616260615	-0.412854679711643	-1.40170251699994
"Thalurania_fannyi"	"Thalurania_fannyi"	-0.440478708325023	0.291582666319349	1.19026162589189	-0.0429057677482435	1.40523189653959	-0.609173736739478	1.89468727114838	0.465502521919577
"Selasphorus_sasin"	"Selasphorus_sasin"	0.906742905613137	1.40074863406973	-0.0952582302313312	1.47510673849323	0.634591987444238	0.0249841054502514	-0.0527840956242038	0.579223114140584
"Archilochus_colubris"	"Archilochus_colubris"	0.249882282417572	0.925828139121978	0.614196948020176	0.938161202861871	1.07667074544763	-0.521146755239656	0.0709253554757587	-0.651618513550459
"Coeligena_helianthea"	"Coeligena_helianthea"	1.56077431311066	0.399405472238947	2.16775676382543	1.85041770125295	1.47272730238741	-0.93396921898558	-1.20032511965199	-0.208756588376549
"Archilochus_alexandri"	"Archilochus_alexandri"	0.136396831319083	0.80409901025149	0.672009380783731	2.30463732650816	-0.230735720007965	-0.500028320849722	-0.413840497230926	-0.553859668496635
"Calypte_anna"	"Calypte_anna"	2.37603440304974	1.27509409278842	0.501274612319712	1.76477670004215	0.179053390284608	-0.735376818717327	-0.813863352979863	-0.640879287715148
"Selasphorus_calliope"	"Selasphorus_calliope"	0.520609065968828	0.859082539664061	0.896727666464811	2.28205040030792	0.342634568193034	-0.0608935869381568	-0.0378943668165553	-0.0393102222664255
"Atthis_heloisa"	"Atthis_heloisa"	1.54964164624709	0.788652963893156	1.28175340973682	0.356970507327676	-0.652532250442143	-1.58455347481466	-1.21604782902678	-0.677644044646992
"Calothorax_lucifer"	"Calothorax_lucifer"	1.42071289947202	0.366070365480232	1.56347595600429	2.42355884251566	-0.709633093574291	-0.334954429298341	-0.760197954899461	-0.241943469523441
"Heliomaster_constantii"	"Heliomaster_constantii"	0.115605977721758	-0.0996327596069802	1.28884050036984	3.49044438424061	0.0572325397485117	0.124046960590863	-0.738671481421386	-1.15029884093421
"Amazilia_tzacatl"	"Amazilia_tzacatl"	0.334663316985111	0.754914091415227	0.911325055828458	1.04248748273567	0.662656620631986	1.38400449274599	-0.246394123246787	0.752695291038193
"Cynanthus_latirostris"	"Cynanthus_latirostris"	0.838177581588131	2.39973978743645	1.07503514711892	2.35764019884969	0.899301171233758	-0.902152083261636	0.0926926965841881	-0.0714628271819808
"Amazilia_violiceps"	"Amazilia_violiceps"	0.121341594570454	2.3468151412491	3.01338493439804	2.61648222347561	-1.50423423857698	-1.06347702397991	-1.63359126896268	-1.20811465542486
"Lampornis_clemenciae"	"Lampornis_clemenciae"	0.00439953045113082	0.834003852124549	1.27406996704465	1.00241574459551	-0.111197368886764	-0.870866326807128	-1.25379746225134	-1.53080416921189
"Coeligena_inca"	"Coeligena_inca"	-0.939092802390052	-0.283082602248872	1.1313344242063	1.77985182360429	-1.27820677978865	0.559790892338326	2.31122793586402	2.78602716109586
"Amazilia_beryllina"	"Amazilia_beryllina"	0.800909810627347	0.563995007050532	0.893870876465736	0.116323089203882	0.20400689664535	1.62831520650142	-1.06837088663727	1.14836678595299
"Lamprolaima_rhami"	"Lamprolaima_rhami"	0.749384367265017	0.406787858790848	-0.865233633904329	-0.133774512637361	1.01716457526747	0.912754558217715	0.863743296819421	1.01674696952328
"Eugenes_fulgens"	"Eugenes_fulgens"	2.00200406053304	1.23831154762551	-0.22292604630337	0.982384380734152	1.75903853276514	-0.0353235365546402	0.122829169464	-0.933118871835738
"Amazilia_cyanocephala"	"Amazilia_cyanocephala"	1.11469260235075	2.68460277992212	0.954249963073915	1.17758052983508	-0.484060949623683	-0.0417143443375074	-0.295273363925607	-0.0412640416985665
"Amazilia_yucatanensis"	"Amazilia_yucatanensis"	0.390109612064316	0.662772930509166	1.46008020889041	0.957693329548762	0.238521424197152	0.346852112404022	-0.0891788989221094	0.399846025884318
"Eupherusa_eximia"	"Eupherusa_eximia"	-0.306015890610846	-0.234396349901945	0.318035718109334	-0.199856672647188	1.18536145534882	-0.7640498017375	1.35479317915595	-0.0169880469383595
"Thalurania_colombica"	"Thalurania_colombica"	0.353892918307216	1.12318065442654	-0.335020126850144	0.552347822714575	1.16405527610392	-0.399912885273712	0.697016133057552	0.300321016256377
"Amazilia_chionogaster"	"Amazilia_chionogaster"	0.61673690837339	1.85637019407898	1.38164399901718	2.80519293928988	-0.924855355217271	-0.269980458656815	-0.0576677642357552	-0.180899261625993
"Coeligena_iris"	"Coeligena_iris"	1.85323002711777	0.59588602195023	-0.00254704231278391	-0.270180704320315	1.00798193647471	2.02040775054459	-1.13859152633457	-0.486876935765106
"Amazilia_rutila"	"Amazilia_rutila"	-0.719238796179316	0.0937716304890103	0.831730967622115	1.58308340060925	-0.493823758467757	-0.0889742189504103	0.922809073832543	0.684177421942129
"Lampornis_amethystinus"	"Lampornis_amethystinus"	0.440145928755669	0.200789377308321	-0.0236444149841767	0.010735845265384	-0.806783652186142	-0.54946830489226	-1.16251406598177	-0.930615350281286
"Amazilia_chionopectus"	"Amazilia_chionopectus"	-0.0680225850220519	-0.314105545837888	0.294243226034771	0.367697479174625	-0.352469227753621	-0.107988741315019	0.513559913510975	1.93132939542702
"Campylopterus_hemileucurus"	"Campylopterus_hemileucurus"	-0.351319434614702	-0.0775678992613823	0.203615086312118	0.407720626313335	-0.444052548526233	-0.969176760867945	0.862764458779474	0.942098046547708
"Hylocharis_eliciae"	"Hylocharis_eliciae"	0.171054965849835	-0.324888864873753	2.39455342425262	1.78558704621906	0.43485630253881	-0.185730132154015	1.22683283893807	1.2098176819188
"Heliomaster_longirostris"	"Heliomaster_longirostris"	1.22119715927277	1.0187741249787	0.130318439792256	2.18234077464314	0.153736549468615	1.46679776479674	-0.48393917583722	0.126298285019821
"Hylocharis_xantusii"	"Hylocharis_xantusii"	0.239227914710761	0.12241626516999	1.28556254791198	2.11170592985331	0.263137178780069	0.327296815901808	0.857670425801058	0.757501905797723
"Metallura_tyrianthina"	"Metallura_tyrianthina"	-0.339907251336812	-0.419912171504212	-0.178331321782683	0.167577031297418	1.07710165496849	1.38521683839394	0.74019240276295	1.56207923632883
"Lesbia_nuna"	"Lesbia_nuna"	0.849960866583849	0.407024151960774	1.16588470730412	0.424325656073536	1.59468964350511	1.61615668914032	2.55027118873869	1.30750548842076
"Lafresnaya_lafresnayi"	"Lafresnaya_lafresnayi"	-0.728554573350332	-0.756123533966814	-0.728594225840299	-0.497614839109618	0.453994877803993	0.219022707399715	0.254943003844379	1.39573653459655
"Coeligena_lutetiae"	"Coeligena_lutetiae"	2.16314815096162	0.962904830410632	-0.12048404861121	0.140483886260355	1.89960548130746	-0.298178221331809	-1.90643804554518	-0.766162623743126
"Eriocnemis_cupreoventris"	"Eriocnemis_cupreoventris"	-0.0761822889340979	-1.09624632434097	-0.0743335250597992	-0.683578082316843	1.05216306230964	1.30304450099058	1.71259580399067	2.1080927415013
"Chlorostilbon_mellisugus"	"Chlorostilbon_mellisugus"	0.320265131883187	-0.615306497658326	2.327401040653	0.100138213990166	1.02789904777577	-0.469947976770493	2.25336280606357	-0.00290230735978374
"Calliphlox_mitchellii"	"Calliphlox_mitchellii"	0.112086531900211	-0.00203121188060661	0.0622100949629594	-0.939578298064913	-0.70287703890146	-0.96653711292284	0.203595705112431	-0.334407426231514
"Aglaiocercus_coelestis"	"Aglaiocercus_coelestis"	1.09813889220219	1.96164923399911	-0.0144864100602803	-0.0475930661294083	1.1661986239469	0.478157173938275	1.36499906159378	1.54194380188422
"Eriocnemis_luciani"	"Eriocnemis_luciani"	-0.831175706267035	-0.270025950279744	0.435351562372051	-0.448573176917753	-0.189023482607069	0.499562677903534	1.63389740461159	1.36605604014327
"Ramphomicron_microrhynchum"	"Ramphomicron_microrhynchum"	1.25819076282805	-0.940716101349728	0.225877375465951	-0.707565892037519	0.825882366373751	-0.180019225449036	0.941703502591329	-0.489427241713595
"Campylopterus_villaviscencio"	"Campylopterus_villaviscencio"	2.07106684153395	1.84352921371252	-0.808316380564859	-0.502439607172978	1.89906528906498	0.550017945302185	-0.672831190714804	-1.11768061122698
"Aglaeactis_cupripennis"	"Aglaeactis_cupripennis"	-0.995944860332538	-0.739602950272269	-0.365338389856352	-1.28068458019241	-0.406308809921534	0.283539930512778	0.540915998967918	0.197736086690491
"Coeligena_phalerata"	"Coeligena_phalerata"	2.00225601772463	2.03390277181571	0.230241321216011	0.565362956177405	1.12070748521487	1.41178603997054	-0.975497102183397	0.0698679734430831
"Metallura_williami"	"Metallura_williami"	-0.138550969893411	-0.656994101334136	-1.21463654409135	-0.460647411113424	0.980431691325999	1.34196051937772	0.931720163814991	1.56051400102106
"Chalcostigma_herrani"	"Chalcostigma_herrani"	0.480904547565633	-1.21089314593693	-1.14322536939456	-1.15817089336288	1.97468557898006	0.669977434450696	-0.0972577920134241	0.489257904605044
"Patagona_gigas"	"Patagona_gigas"	-0.575358996172664	-0.338015237686773	1.68817791421598	0.705323253263874	-0.939988317761289	-0.379259246185948	-0.936550773924551	-1.0983462188614
"Chlorostilbon_melanorhynchus"	"Chlorostilbon_melanorhynchus"	1.46855654615309	-0.355722039801527	2.91029725240448	-0.243683433782628	0.600775118548529	-0.739919630424472	2.19296567051771	-0.425893807751046
"Klais_guimeti"	"Klais_guimeti"	-0.247367301047769	0.239284311351225	-0.237639006169119	0.528141029881838	0.706759110637495	-0.540590763148642	-0.187881404263389	0.093476426857618
"Campylopterus_falcatus"	"Campylopterus_falcatus"	1.72989960277255	0.106701831029669	2.29978594116813	0.466235520269697	1.40838859943915	1.27015764878376	1.20256702305926	-0.248229648926834
"Chrysolampis_mosquitus"	"Chrysolampis_mosquitus"	2.0137190189965	-0.677949588956869	-1.14141052280455	0.341637107241046	2.39774573459012	-0.229927653739551	-0.532731256199723	-0.491210749798372
"Phaethornis_yaruqui"	"Phaethornis_yaruqui"	-1.0055181049653	-0.785142857341493	-0.622615069601967	-0.830070368680067	-1.10524135981106	-0.862848543422486	-0.295037567543034	-0.874317968379291
"Heliodoxa_leadbeateri"	"Heliodoxa_leadbeateri"	1.88547460238757	-0.502470504898274	-1.33008660543558	-0.856491066342123	2.56712445049537	0.25531601855955	0.749863390841921	0.813285819658872
"Coeligena_prunellei"	"Coeligena_prunellei"	-0.617595392191626	-0.394321196202893	-1.005238628919	-1.929363580515	-1.4456597683464	-0.684909233424302	-2.33129769844306	-2.17761642666775
"Boissonneaua_matthewsii"	"Boissonneaua_matthewsii"	-1.27046188637818	-1.01938630379216	-0.921190530634108	-1.14741638458422	-0.384001736101879	0.88340529784823	0.744636899493286	1.06528528076741
"Topaza_pella"	"Topaza_pella"	0.712033271121053	0.605497415380813	0.47197231498624	0.134997394247602	0.662361971610905	1.51849077401464	2.78630938588563	1.87618524920078
"Topaza_pyra"	"Topaza_pyra"	0.687502858325907	2.06245905810864	2.42314150234427	-0.499210479498741	0.370564929679338	2.73111181037415	3.52415281008831	2.1290744899627
"Florisuga_fusca"	"Florisuga_fusca"	-1.48818290978614	-1.66520412256964	-1.99517197837017	-2.38988505088191	-2.09786334815237	-1.26011150186924	-2.366055995907	-1.56592357965969
"Eutoxeres_condamini"	"Eutoxeres_condamini"	-1.12965076176797	-0.629763062613635	-0.129980776361345	-0.119635394912679	-1.6140565223644	-0.897454457641738	-0.849435309129485	-0.796937228481203
"Ramphodon_naevius"	"Ramphodon_naevius"	-0.839834007518821	-1.12920799572906	-0.216108266638858	-1.13906585716859	-0.76659378372434	-0.764442097072778	-0.213616332909374	-0.927614873684446
"Glaucis_aeneus"	"Glaucis_aeneus"	-0.874493436112276	-1.10262119751834	0.597097964110872	-0.159084921731594	-1.00156910411745	-0.846304556644332	0.113515321676954	0.692827269499766
"Glaucis_hirsutus"	"Glaucis_hirsutus"	-0.947201277153072	-0.712214462884785	0.456421984024551	0.586074290222585	-0.496607895875609	0.439201620132642	-0.0242531045427622	0.464743305931877
