"Species"	"Lambda"	"Bri_Beta_males_SS"	"Bri_Beta_females_SS"	"Bri_Beta_males_NS"	"Bri_Beta_females_NS"	"Chr_Beta_males_SS"	"Chr_Beta_females_SS"	"Chr_Beta_males_NS"	"Chr_Beta_females_NS"
"Florisuga_mellivora"	"Florisuga_mellivora"	0.152181883509872	0.0960808628929614	0.176924643062896	1.04864129853564	1.00035860688921	0.155611317513969	0.123714548829376	0.203541859653147	0.19114002115231
"Florisuga_fusca"	"Florisuga_fusca"	0.153415416694459	0.0953524817285726	0.174578733915034	1.0622224831425	1.14765903281382	0.162988574035391	0.129594717835139	0.228759170486438	0.192340695464953
"Topaza_pella"	"Topaza_pella"	0.152655328176707	0.0960406024747506	0.237609743898626	0.34145956184895	0.166718165345814	0.142769214249758	0.295650175432073	0.27097831980965	0.193594338095205
"Topaza_pyra"	"Topaza_pyra"	0.15268629865147	0.0949179406152573	0.259448949582349	0.391927354332472	0.158233508379701	0.137333269130716	0.338722508578835	0.27442340424098	0.196448260481299
"Eutoxeres_aquila"	"Eutoxeres_aquila"	0.153230031210907	0.096443951344265	0.163780660364443	0.185841172557037	0.175377853462489	0.159128710958822	0.131075635244981	0.169850236756559	0.202303875878466
"Eutoxeres_condamini"	"Eutoxeres_condamini"	0.152213801015591	0.100666131623664	0.174139991947107	0.187399230891858	0.188740749947493	0.164574984445955	0.128523573538886	0.166611726702355	0.198839945404927
"Ramphodon_naevius"	"Ramphodon_naevius"	0.152850944893652	0.0916221592784416	0.170889313241279	0.180696636624257	0.187261480293004	0.162287012416904	0.12459386788033	0.162322688415403	0.199698770298854
"Threnetes_ruckeri"	"Threnetes_ruckeri"	0.151853919184282	0.0835055240388684	0.15289736893461	0.157175002199523	0.140695702072697	0.136264460036552	0.106771749049635	0.142105994977837	0.186161131451507
"Threnetes_leucurus"	"Threnetes_leucurus"	0.151893860426244	0.0828040562660007	0.144174530638276	0.157951678743149	0.142537015900319	0.138713617351565	0.102977070967249	0.141266173908624	0.183755761652435
"Glaucis_hirsutus"	"Glaucis_hirsutus"	0.152455769706647	0.0791278090952738	0.147120434929199	0.151821417101062	0.150021787372972	0.128680464996931	0.123063840638983	0.141209863747314	0.185047971573732
"Glaucis_aeneus"	"Glaucis_aeneus"	0.15196965801451	0.0804093420010336	0.149280624750938	0.154143761082569	0.143708331298202	0.12951562239204	0.129780714749096	0.138767184871465	0.189966421487534
"Phaethornis_syrmatophorus"	"Phaethornis_syrmatophorus"	0.153210065444026	0.0789297590666464	0.154205397764675	0.164620625919131	0.148454281216331	0.130660513132161	0.106988281633244	0.143127160201666	0.187906976740959
"Phaethornis_longirostris"	"Phaethornis_longirostris"	0.153185408479821	0.0785239308112461	0.163549938354171	0.163679119944146	0.156110188499383	0.126128287058586	0.0957009496891195	0.135880013245837	0.182641974866848
"Phaethornis_mexicanus"	"Phaethornis_mexicanus"	0.152160526765527	0.0769960734262956	0.168231682355998	0.165146817067772	0.142266129867891	0.122080948451409	0.094604053688818	0.13507547258507	0.184687797336302
"Phaethornis_yaruqui"	"Phaethornis_yaruqui"	0.152323095953644	0.0766137016131973	0.151386812977341	0.161624666975592	0.15095620736623	0.125444152852286	0.0986970084289487	0.136758023306076	0.179487954452064
"Phaethornis_guy"	"Phaethornis_guy"	0.152743462783045	0.0785362997137243	0.153875818075043	0.178920312727801	0.215242015432014	0.124859432654527	0.104047972648758	0.140304533104633	0.178880929715429
"Phaethornis_malaris"	"Phaethornis_malaris"	0.152492980139066	0.0766725907150362	0.146165555912768	0.156401597054491	0.138849245283285	0.126808996952027	0.0989193748417049	0.142484174395739	0.181775667038181
"Phaethornis_superciliosus"	"Phaethornis_superciliosus"	0.152472309044546	0.076704044821993	0.142658456108192	0.150722523724693	0.146732048750631	0.123990720711414	0.0984155822955416	0.138660324627557	0.177768144596591
"Phaethornis_augusti"	"Phaethornis_augusti"	0.152520383293888	0.0933060165871504	0.306504995519757	0.15484817089108	0.499045840195264	0.12102311260191	0.0934251088404888	0.133057725582276	0.177493767533698
"Phaethornis_pretrei"	"Phaethornis_pretrei"	0.152146228868521	0.0866376633072538	0.280700582781273	0.152392827958539	0.383461274839913	0.122248621285616	0.0923316247043093	0.134203586534351	0.17840407975734
"Phaethornis_eurynome"	"Phaethornis_eurynome"	0.15231815961763	0.0833002659401132	0.201283130989211	0.161123557268438	0.182265605654121	0.130275361240854	0.113123300769965	0.141210241230172	0.187461789026603
"Phaethornis_hispidus"	"Phaethornis_hispidus"	0.154431804853879	0.0941398803795339	1.22532300135217	1.42306231292545	0.168762691166726	0.141324354623688	0.0903482648992674	0.171506930228095	0.203396050630637
"Phaethornis_bourcieri"	"Phaethornis_bourcieri"	0.154431804853879	0.0938009012030104	1.20148182040421	1.41001731745186	0.170753680659203	0.141509379012856	0.0892052410891096	0.173772437302946	0.20208395803098
"Phaethornis_philippii"	"Phaethornis_philippii"	0.152381223826748	0.0803691677856012	0.408753929336451	0.474697183748883	0.141003711606503	0.132344495343983	0.0981614891424859	0.139101935997604	0.186384938292725
"Phaethornis_anthophilus"	"Phaethornis_anthophilus"	0.15335480522661	0.0780879593236597	0.1453619379457	0.162037939074427	0.150574576553667	0.132966818606956	0.124609490390464	0.14323114053414	0.184111741870498
"Phaethornis_nattereri"	"Phaethornis_nattereri"	0.152616054217723	0.0741619698216217	0.139477283494583	0.151453985907832	0.136443392394062	0.126589575679791	0.169585889614952	0.127566612192058	0.180405449095705
"Phaethornis_longuemareus"	"Phaethornis_longuemareus"	0.152640668938815	0.0746416011626955	0.140039773373496	0.158169039760657	0.149061898370081	0.125812381793004	0.16995116984732	0.129140672563136	0.178752289359085
"Phaethornis_rupurumii"	"Phaethornis_rupurumii"	0.152686014656172	0.0742558475355819	0.140080023748403	0.14869251007413	0.138307679889319	0.13002167610449	0.227756110097649	0.129657930213357	0.180340887388039
"Phaethornis_atrimentalis"	"Phaethornis_atrimentalis"	0.15266992960691	0.0739633127067243	0.137545114588139	0.148639157453038	0.131541945803038	0.131499716587255	0.192189890854205	0.131204735184691	0.183098522309112
"Phaethornis_ruber"	"Phaethornis_ruber"	0.152643536851663	0.0756122261220254	0.138929806677223	0.146476017426167	0.134113665599114	0.138349916937498	0.31618121847887	0.133643400229637	0.192220033942484
"Phaethornis_griseogularis"	"Phaethornis_griseogularis"	0.153470230357429	0.0767038346042868	0.140238759626619	0.167953700452161	0.133808432492933	0.132135605196397	0.160040382464132	0.139765346124287	0.179293463044184
"Phaethornis_striigularis"	"Phaethornis_striigularis"	0.152426078520236	0.0748828206991398	0.13893480436373	0.153056772764004	0.130146286585116	0.130247921750584	0.160982045995862	0.136760720049126	0.184187545893854
"Doryfera_johannae"	"Doryfera_johannae"	0.152761285566347	0.109849082060486	0.227961033797617	0.168991235724493	0.150895384946101	0.133272590126146	0.128135022744522	0.158120214490539	0.187363217127531
"Doryfera_ludoviciae"	"Doryfera_ludoviciae"	0.153391979151832	0.110665927872513	0.190847644168729	0.167922138156901	0.14734406866218	0.134861180405648	0.129184781391192	0.157552411781238	0.188509434142067
"Colibri_serrirostris"	"Colibri_serrirostris"	0.152539139958388	0.108799607225884	0.157791268429285	0.16274505245202	0.155081172861057	0.129132806944846	0.108634502381094	0.154329007502493	0.19015053930161
"Colibri_coruscans"	"Colibri_coruscans"	0.152416380162539	0.107099236781199	0.153583623217221	0.162246967097759	0.138377952499417	0.129349933328575	0.10982036691848	0.162965599360621	0.193061474512189
"Colibri_delphinae"	"Colibri_delphinae"	0.152088701074186	0.110286199756753	0.15269034388669	0.176311332487292	0.14503274943288	0.14296057494946	0.125077189005509	0.20192383725629	0.206825053665249
"Colibri_thalassinus"	"Colibri_thalassinus"	0.152447993091416	0.1082244019766	0.153121788194882	0.168428943207844	0.159221612119574	0.127850182770461	0.102431369729729	0.153691514007291	0.189062114456129
"Heliactin_bilophus"	"Heliactin_bilophus"	0.152961368969914	0.127775221759099	0.178678026045475	0.187339524639644	0.174625621793682	0.164018951088622	0.127806633084081	0.178755270854211	0.197361200466574
"Androdon_aequatorialis"	"Androdon_aequatorialis"	0.15212361110955	0.123509492017951	0.175478654423006	0.18367658733709	0.175638041412576	0.155173022169409	0.132645845693229	0.176507030592013	0.207108151338338
"Heliothryx_barroti"	"Heliothryx_barroti"	0.152194212111017	0.147849105487869	0.245577645166941	0.219756975146785	0.1849372886959	0.126233392049123	0.103108127718017	0.145733284315779	0.185212592940023
"Heliothryx_auritus"	"Heliothryx_auritus"	0.153070923546395	0.142176568018097	0.233826111256754	0.22070210615998	0.179398987650478	0.124486422924258	0.100575874485889	0.145266459663989	0.183425628182212
"Polytmus_guainumbi"	"Polytmus_guainumbi"	0.152162471620182	0.118814406116375	0.161857558038484	0.18334590653314	0.179762775778896	0.142852024241475	0.109271046112341	0.157273346280787	0.192055204991393
"Polytmus_theresiae"	"Polytmus_theresiae"	0.152213433655885	0.118736279890074	0.158987592190009	0.170077734071407	0.163870449608931	0.14432331907177	0.120463450248697	0.160445250025549	0.195268934006534
"Avocettula_recurvirostris"	"Avocettula_recurvirostris"	0.152049187056581	0.125024303090908	0.160491576851002	0.180021060229806	0.188244878666887	0.174716591694304	0.128200193094357	0.162426299135374	0.194339987496603
"Chrysolampis_mosquitus"	"Chrysolampis_mosquitus"	0.152006725366625	0.457374925484011	0.151764599234844	0.163342533743216	0.204764462867561	0.502833262055092	0.104492750703209	0.156443378383175	0.19156882758575
"Anthracothorax_nigricollis"	"Anthracothorax_nigricollis"	0.152024003932168	0.128402780924671	0.145316385715863	0.155908710252116	0.356609081667093	0.227178613139775	0.128842766495282	0.143865194821544	0.18133303961438
"Anthracothorax_viridigula"	"Anthracothorax_viridigula"	0.151913640611326	0.136563026659843	0.140651190145242	0.170397034552362	0.89199853272671	0.275026622365756	0.0960935553657479	0.144049033682782	0.179792018619056
"Anthracothorax_prevostii"	"Anthracothorax_prevostii"	0.152188188898116	0.152183253987319	0.142215358918019	0.214762388910392	0.706809823186774	0.342371604007493	0.0981734598313763	0.140413533875377	0.185389369254232
"Eulampis_holosericeus"	"Eulampis_holosericeus"	0.151933183862098	0.125780272382514	0.142366203488601	0.148293993570823	0.258589230126968	0.216104653492269	0.104543502025453	0.151527281766711	0.180314279793379
"Eulampis_jugularis"	"Eulampis_jugularis"	0.152443903716266	0.12606187679587	0.142144138144661	0.147616997017256	0.258509639768228	0.217864729329412	0.100380621176262	0.152700468499571	0.183521990364508
"Haplophaedia_lugens"	"Haplophaedia_lugens"	0.157392236618645	0.110521921331842	0.182696222790592	0.345188019209121	0.20144190711551	0.167957551519324	1.36984417146812	0.160038528528185	0.215408241264247
"Haplophaedia_aureliae"	"Haplophaedia_aureliae"	0.158032042518499	0.111058758133182	0.184302152548136	0.33869804659234	0.204846781494519	0.162100799191714	1.30945786949106	0.157960156173359	0.215573747089167
"Eriocnemis_alinae"	"Eriocnemis_alinae"	0.157393631474786	0.112286848554938	0.189371718956781	0.475564873343267	0.776539247236665	0.143738857662446	0.114166037166629	0.171874655743298	0.196600342200513
"Eriocnemis_luciani"	"Eriocnemis_luciani"	0.156914391818303	0.107590190975558	0.184880046181789	0.474615292105951	0.803892141068287	0.135676521807293	0.101766117962921	0.161339645603322	0.180620662205311
"Eriocnemis_derbyi"	"Eriocnemis_derbyi"	0.156845844798977	0.108492083209067	0.183341768234356	0.566730317864442	1.01784650056901	0.141321088469702	0.0967312683899993	0.161109057846315	0.179989243743805
"Eriocnemis_cupreoventris"	"Eriocnemis_cupreoventris"	0.156370893760454	0.109867713197323	0.182200290499232	0.491851592837696	0.835408082533521	0.161975163891307	0.100305858887805	0.158381557137922	0.183996118278801
"Eriocnemis_mosquera"	"Eriocnemis_mosquera"	0.156951161553819	0.12916905705691	0.992468095198972	1.03920725881852	0.775600116306875	0.13181177442421	0.0978562126705984	1.21513606067799	0.181183291788423
"Eriocnemis_vestita"	"Eriocnemis_vestita"	0.156518040826321	0.115246653369571	1.02502832503462	1.72886624116501	0.81592343734782	0.126685654292043	0.092919851211855	2.2988428435089	0.178011468685268
"Eriocnemis_nigrivestis"	"Eriocnemis_nigrivestis"	0.157139115166338	0.115634861167988	1.02392757113511	1.62405974388149	0.794237570360306	0.130133566416893	0.0916465506650412	2.56695904584683	0.178729609499751
"Lafresnaya_lafresnayi"	"Lafresnaya_lafresnayi"	0.157910868513205	0.11929857264075	0.190627232513262	0.168086675356271	0.161510100316681	0.153037757075194	0.115405565638352	0.177401519823218	0.195878277271728
"Aglaeactis_cupripennis"	"Aglaeactis_cupripennis"	0.159432685608379	0.116761026200165	0.191554428801803	0.153254503600139	0.180549360002072	0.286140408385047	0.118777174998048	0.404330168133721	0.191700800684176
"Ensifera_ensifera"	"Ensifera_ensifera"	0.15783263914426	0.120526874752603	0.203972287140383	0.16826992664771	0.155546282150643	0.169874571566502	0.118230406685276	0.162189262057959	0.196744941653266
"Pterophanes_cyanopterus"	"Pterophanes_cyanopterus"	0.156850967526691	0.119426276452952	0.201441364187841	0.181316063682328	0.164138009330197	0.147239719477216	0.154204703428446	0.174263246427618	0.191419460757265
"Boissonneaua_jardini"	"Boissonneaua_jardini"	0.15694403948918	0.117825138054783	0.43118001617554	0.66285666459835	0.151026309483909	0.145716648433521	0.099754886961025	0.165871359468109	0.184959182168269
"Boissonneaua_matthewsii"	"Boissonneaua_matthewsii"	0.156900599553227	0.111227991502066	0.347764788278657	0.243324005315028	0.146029142532363	0.135549232274475	0.100982846146924	0.153143633314259	0.178996910358091
"Boissonneaua_flavescens"	"Boissonneaua_flavescens"	0.157411093066193	0.110363666388042	0.340910597323482	0.242776695440227	0.141235473911167	0.130818490925063	0.101341832376151	0.150933004191067	0.180129893665163
"Ocreatus_underwoodii"	"Ocreatus_underwoodii"	0.157997165738528	0.112940997517155	0.555265156081398	0.171350704156617	0.1957492209763	0.142175684902761	0.472799301199369	0.167240393186839	0.195275552070406
"Urosticte_benjamini"	"Urosticte_benjamini"	0.160885252656876	0.106871868033126	1.89777008222121	0.153740860322632	0.190209250680067	0.127621378670625	2.10003680572899	0.167464420234853	0.180543452873924
"Urosticte_ruficrissa"	"Urosticte_ruficrissa"	0.161248926175839	0.107077670208492	1.8969412018942	0.154039481814993	0.183886585017081	0.12730277213905	2.10805009440533	0.170071257937323	0.181250019621912
"Urochroa_bougueri"	"Urochroa_bougueri"	0.157187134733404	0.123906731857425	0.190859100041373	0.174448999132016	0.161088830593841	0.151333687095266	0.122739902704841	0.17738492519004	0.210210970889012
"Heliodoxa_schreibersii"	"Heliodoxa_schreibersii"	0.15688274016783	0.117005539578394	0.246558955424107	0.174151924072123	0.171811875455092	0.153645775666331	0.151058183067421	0.167451831200424	0.192972904555545
"Heliodoxa_xanthogonys"	"Heliodoxa_xanthogonys"	0.156973655908069	0.110441428705566	0.186989018349182	0.160789195375684	0.148386829625158	0.138580806317345	0.105834482554605	0.168780193061632	0.18870816583067
"Heliodoxa_gularis"	"Heliodoxa_gularis"	0.157126005238086	0.111712378777757	0.189557073512967	0.161143199320864	0.145014197342192	0.143166574039233	0.111492173979207	0.161933176234381	0.190660443552198
"Clytolaema_rubricauda"	"Clytolaema_rubricauda"	0.157282417960887	0.16766627174639	0.192492088202725	0.175659762757018	0.150582382147254	0.142765646539201	0.103863207307743	0.16649986650993	0.196819669050017
"Heliodoxa_aurescens"	"Heliodoxa_aurescens"	0.156497991303024	0.121536687418761	0.195495802501945	0.158051179431668	0.150376558029942	0.147071036232039	0.114018238981954	0.170372535827102	0.198939570311997
"Heliodoxa_imperatrix"	"Heliodoxa_imperatrix"	0.156379891936448	0.108378802164134	0.2636113260827	0.154096533372781	0.152441009359988	0.140045000352487	0.109608481529463	0.158158783161058	0.185780431382013
"Heliodoxa_rubinoides"	"Heliodoxa_rubinoides"	0.156396473777953	0.109003848991514	0.762374582038958	0.162909684322844	0.145279690935272	0.140772114946051	0.100553729343428	0.153840224832518	0.195776629389308
"Heliodoxa_leadbeateri"	"Heliodoxa_leadbeateri"	0.156339755630162	0.111699263653233	0.221833326678755	0.162251724325127	0.142260367768806	0.176615873515079	0.119914858471627	0.15031083260418	0.179581221215287
"Heliodoxa_jacula"	"Heliodoxa_jacula"	0.156655992939731	0.109813509015459	0.218175956767245	0.148904022969207	0.146379892183961	0.146231961838762	0.10981940899081	0.150044488368072	0.180202041234544
"Coeligena_prunellei"	"Coeligena_prunellei"	0.156343198238055	0.112817133126955	0.176486930755748	0.172827548610481	0.335067540380898	0.137394521304061	0.111454075878905	0.352931340909086	0.238372639541474
"Coeligena_wilsoni"	"Coeligena_wilsoni"	0.156505621470236	0.11118688752934	0.196852146772023	0.170077453424685	0.292051519769417	0.137158578965489	0.10861761269877	0.355703134843282	0.236213379980084
"Coeligena_coeligena"	"Coeligena_coeligena"	0.156736496857839	0.110755442211096	0.179019955890979	0.162999120208976	0.276305565257761	0.139198086708926	0.115438999752785	0.348391145337345	0.229371054401281
"Coeligena_inca"	"Coeligena_inca"	0.157528565596565	0.151348644728431	0.254478307460986	0.360482182390648	1.23262437458865	0.151579252250038	0.201864845184168	2.30688924473836	0.928107345442071
"Coeligena_torquata"	"Coeligena_torquata"	0.156861273082837	0.138014199833545	0.272628445493518	0.352800070376179	1.12579012503049	0.143042867852973	0.199560424838834	2.04971215899827	0.878250859104362
"Coeligena_violifer"	"Coeligena_violifer"	0.157229949561472	0.115378862361507	0.186389911013889	0.378132763136338	0.948197927480849	0.136858400778093	0.392053868252648	1.65428084757587	0.947719612614557
"Coeligena_iris"	"Coeligena_iris"	0.157776380503793	0.114335673567431	0.179907075499369	0.531398037559597	1.06853298730223	0.133814057969001	0.84991972020754	1.9165322464299	1.47230388535689
"Coeligena_phalerata"	"Coeligena_phalerata"	0.159000256486417	0.111614393410087	0.196657246303921	0.710140702018248	1.20595772876339	0.131118887064122	0.882527159897315	2.1681607904435	1.86209189838396
"Coeligena_bonapartei"	"Coeligena_bonapartei"	0.162337424099483	0.110246746346249	0.178843251522609	1.35146869637941	1.96864531439756	0.127566032102748	1.06879463445482	3.4683223286917	4.06970653060746
"Coeligena_helianthea"	"Coeligena_helianthea"	0.162337424099483	0.110782730614859	0.179039295668533	1.35226028180789	1.95711266809212	0.127869936195713	1.0721696214617	3.46857107649581	4.07009420558516
"Coeligena_lutetiae"	"Coeligena_lutetiae"	0.162091201056883	0.112325873617773	0.177165121509306	1.37258875828808	1.62952048863466	0.128341637789657	1.0353590096603	3.44581044640594	4.06633507279529
"Coeligena_orina"	"Coeligena_orina"	0.162091201056883	0.112647353579725	0.178441947274927	1.3572763384253	1.62903639201219	0.135321539368707	1.03226502283817	3.44470089973836	4.06655525118128
"Lophornis_chalybeus"	"Lophornis_chalybeus"	0.157643976933615	0.117840531875317	0.178051229832476	0.150012903687058	0.137010023928272	0.133297001882435	0.119403448548516	0.152887874788557	0.18133309812772
"Lophornis_delattrei"	"Lophornis_delattrei"	0.157135856473839	0.117440880094994	0.179621328847653	0.148892617110753	0.139557949906283	0.139371179389	0.12099808141428	0.153318542315751	0.182152757223028
"Discosura_longicaudus"	"Discosura_longicaudus"	0.156866007306544	0.143230487859004	0.190170902144565	0.155463244900594	0.15699639148125	0.137321490102058	0.305791731732815	0.162457503850375	0.187024051783184
"Discosura_conversii"	"Discosura_conversii"	0.156995550829302	0.195691674037367	0.195062390958366	0.18713110648087	0.136670202817313	0.133101863601811	0.653946241627683	0.152524707546307	0.191628335917491
"Discosura_langsdorffi"	"Discosura_langsdorffi"	0.157200292837898	0.409452122928085	0.252387758483743	0.156341559685979	0.130048587852229	0.125276569917174	1.54326123865928	0.14842082788685	0.216487712472179
"Discosura_popelairii"	"Discosura_popelairii"	0.157200292837898	0.414321023039152	0.241749906493279	0.155653113217688	0.1295633606305	0.124648355405357	1.4375423463786	0.149769058217293	0.212302520678046
"Sephanoides_fernandensis"	"Sephanoides_fernandensis"	0.1567238258714	0.121045601999826	0.178531508192335	0.168891600957632	0.141993996287751	0.130277030807619	0.112385115370148	0.155940157021858	0.185458522260812
"Sephanoides_sephanoides"	"Sephanoides_sephanoides"	0.156758875035041	0.117812892937302	0.176500349982563	0.163908242066301	0.14251348409882	0.133598013334016	0.11038382904199	0.152860604366908	0.185078176574903
"Heliangelus_strophianus"	"Heliangelus_strophianus"	0.156603761820557	0.147241966448666	0.194754117760479	0.158954743365953	0.154024868428019	0.150744806879641	1.01871307616285	0.152000155250152	0.182791055362161
"Heliangelus_viola"	"Heliangelus_viola"	0.156466529977758	0.14649241627104	0.185335665885021	0.151491172520279	0.153945559054413	0.157588855442091	1.47664093862145	0.168345204436661	0.183757919672506
"Heliangelus_exortis"	"Heliangelus_exortis"	0.157645799548715	0.146123314206125	0.192469548944205	0.155230084813694	0.189400654349827	0.288751125718978	1.76857584197006	0.149927686897311	0.181956328785921
"Heliangelus_micraster"	"Heliangelus_micraster"	0.157688198296201	0.146843173560742	0.195156376753538	0.155350247474	0.198305896278532	0.376860973057947	1.77814770887891	0.147039119366765	0.180512306668382
"Adelomyia_melanogenys"	"Adelomyia_melanogenys"	0.157217648496946	0.134572040498769	0.196937500052708	0.169721489386327	0.166552826971895	0.176813066625794	0.121183608729377	0.187522745298703	0.192551076309802
"Aglaiocercus_coelestis"	"Aglaiocercus_coelestis"	0.156609860953605	0.126931490847963	0.219993262738279	0.156233999552527	0.141589877796795	0.139452615761678	0.116597944668052	0.174973976736571	0.18375890536347
"Aglaiocercus_kingii"	"Aglaiocercus_kingii"	0.156519128321414	0.125229627996732	0.205168443873881	0.155000250146247	0.141255532989005	0.142254227923514	0.117598909672092	0.176609593623846	0.182754196233768
"Sappho_sparganurus"	"Sappho_sparganurus"	0.157247554187452	0.132211867287137	0.186272451846107	0.167564976625492	0.180265060839771	0.151227760763941	0.117119589417558	0.223854377695967	0.185190344721445
"Ramphomicron_microrhynchum"	"Ramphomicron_microrhynchum"	0.156736269426082	0.132151528504929	0.195706987366169	0.157955312871897	0.172435247789317	0.147817363408292	0.139841997585159	0.23557672147039	0.183924627094988
"Lesbia_victoriae"	"Lesbia_victoriae"	0.156699629540988	0.128765496586443	0.266518679811301	0.16517440146177	0.210719959089092	0.146667128792167	0.129531754059389	0.270503765740116	0.182505774980083
"Lesbia_nuna"	"Lesbia_nuna"	0.157529484370598	0.129513048675888	0.203976751667043	0.173072823293949	0.159177398452065	0.150354641648885	0.128289007265227	0.412106433813929	0.185475603425435
"Oreotrochilus_chimborazo"	"Oreotrochilus_chimborazo"	0.169963423153986	0.61149403757404	0.184806156614079	0.158538574060933	0.156705225781174	0.254369893851624	0.153152218803872	0.246900482161232	0.224307128256044
"Opisthoprora_euryptera"	"Opisthoprora_euryptera"	0.157009778988955	0.165987867422691	0.17873153736442	0.165800423610258	0.148115276855346	0.336178774985442	0.115795476980371	0.257014773198378	0.188801104542796
"Chalcostigma_herrani"	"Chalcostigma_herrani"	0.156716058958955	0.152661042341783	0.191129528172537	0.154567701647052	0.151056353646772	0.583109205845147	0.123869496438347	0.312182134608524	0.191600883363119
"Oxypogon_guerinii"	"Oxypogon_guerinii"	0.156667200486404	0.154170835567505	0.269586715738727	0.151439752493631	0.1523957885742	0.494139945250097	0.121017099111638	0.307731346712389	0.192645307284616
"Chalcostigma_stanleyi"	"Chalcostigma_stanleyi"	0.156634786794042	0.154391352920112	0.220156172893441	0.16097038137121	0.156582708550556	0.497546296232813	0.118740203492649	0.329885675033991	0.197535357788028
"Metallura_phoebe"	"Metallura_phoebe"	0.156675973452627	0.200220934477853	0.173837768768487	0.1778371097083	0.221699904220855	1.11203993347298	0.362338865148236	0.700550921918589	0.28907485312381
"Metallura_tyrianthina"	"Metallura_tyrianthina"	0.157109781108817	0.206675323445564	0.172645074913272	0.161497708180614	0.233943702477281	1.15099478215829	0.39935217923538	0.793049336096058	0.210208714562051
"Metallura_odomae"	"Metallura_odomae"	0.175537361763649	0.462452330545847	0.167978881946163	0.147328463891112	0.26258384570304	1.78313776130461	0.667963035287866	1.62213238695789	0.195722443043896
"Metallura_williami"	"Metallura_williami"	0.175475656300127	0.461684443392091	0.167634330251911	0.148029085784618	0.261194420291919	1.87779796264711	0.640751258466784	1.63821358434397	0.195037816160883
"Patagona_gigas"	"Patagona_gigas"	0.182848834846451	0.123575276464998	0.193438989414095	0.22085682308153	0.16656558096278	0.167012059563959	0.134587095608747	0.191041762253623	0.208795639763131
"Lamprolaima_rhami"	"Lamprolaima_rhami"	0.198116586142617	0.117364436584964	0.191162650586069	0.185079925447223	0.237085542184032	0.143729425193685	0.171809318620626	0.171780916998288	0.196523213769692
"Eugenes_fulgens"	"Eugenes_fulgens"	0.197647821306595	0.128460077592163	0.191956039521617	0.170322728702352	0.23213004792581	0.160450447217083	0.160470178767139	0.169833256324045	0.194963425824302
"Panterpe_insignis"	"Panterpe_insignis"	0.197522812345092	0.118810193006462	0.590018401366705	0.167028406537924	0.258979218851143	0.152071391875517	1.36865112261393	0.169874984078924	0.212005409766514
"Heliomaster_constantii"	"Heliomaster_constantii"	0.197429897853401	0.119752657840557	0.188485311611406	0.17224719981756	0.711017386418677	0.132656436395767	0.169644638106098	0.167371761677819	0.192300149397153
"Heliomaster_longirostris"	"Heliomaster_longirostris"	0.19751940258887	0.111179966319856	0.194054311265857	0.170840502921195	0.511806059305884	0.132556842766773	0.304719671324365	0.164466801410692	0.184839456486918
"Heliomaster_squamosus"	"Heliomaster_squamosus"	0.197450521074068	0.115285878220226	0.201307005256146	0.221117394874061	0.552453972761038	0.12906844569367	0.175694455221975	0.155916749501788	0.187760018680786
"Heliomaster_furcifer"	"Heliomaster_furcifer"	0.197583487095	0.114478968235103	0.193335133841721	0.227781283226554	0.532304746932942	0.129239010357496	0.181167327536985	0.160391830004986	0.183244115906823
"Lampornis_hemileucus"	"Lampornis_hemileucus"	0.197889527976986	0.124985175827603	0.213559379436075	0.200951097549717	0.24694817372609	0.154451710907944	0.150874391606502	0.189518247206497	0.194161594267303
"Lampornis_clemenciae"	"Lampornis_clemenciae"	0.197403554751091	0.113896605105578	0.302508243189957	0.36822466223966	0.419209470293365	0.281256368073702	0.191529627242163	0.411766784856137	0.234151473540862
"Lampornis_amethystinus"	"Lampornis_amethystinus"	0.197835497452524	0.109721393100826	0.363513084320394	0.45501564204275	0.548311408185863	0.429309926832246	0.201502119300406	0.519166253088464	0.247474597585403
"Lampornis_viridipallens"	"Lampornis_viridipallens"	0.198417000481761	0.110091324854034	0.598397235396718	0.714265011947431	1.04532111467625	1.01389431314387	0.285709668648613	0.901505323015388	0.333000295689163
"Lampornis_cinereicauda"	"Lampornis_cinereicauda"	0.230527320462235	0.106006813900529	1.6147040613249	2.10767942183767	3.06043852875564	6.67583303750913	0.602851942906759	2.56634026005267	0.680653349971441
"Lampornis_calolaemus"	"Lampornis_calolaemus"	0.230527320462235	0.10565390430418	1.64453395426726	2.12651722088383	3.12120680168977	6.87556606460841	0.607110983145568	2.59530554572739	0.687876368128932
"Lampornis_castaneoventris"	"Lampornis_castaneoventris"	0.230527320462235	0.106030757045232	1.64186702037614	2.1270636876427	3.11899665809504	6.87556606460841	0.604182176604188	2.60886721556865	0.684036699605819
"Tilmatura_dupontii"	"Tilmatura_dupontii"	0.325007892621875	0.412903992894946	0.176831039574398	0.177113182589613	0.402263113504949	0.141656325382011	0.10356513332722	0.184329396433725	0.189883105295149
"Calliphlox_amethystina"	"Calliphlox_amethystina"	0.325909499335358	0.41153837184672	0.181574249742325	0.183422163860651	0.40834253131556	0.143788359467454	0.100431999187506	0.169530566008484	0.186946422063328
"Myrmia_micrura"	"Myrmia_micrura"	0.326178525641224	0.414446522998974	0.174464150441443	0.171476012316831	0.397623473390624	0.143731055202811	0.094091265793397	0.168572219465666	0.182204626516681
"Myrtis_fanny"	"Myrtis_fanny"	0.326385469138134	0.409563913669543	0.174374034018993	0.172785052082856	0.397935188913297	0.132222349880712	0.0970142649959902	0.167116339364876	0.184008281588942
"Rhodopis_vesper"	"Rhodopis_vesper"	0.326819409350598	0.411412877735938	0.171810102451056	0.196585142924315	0.395383309793843	0.133945029410881	0.0968385578604992	0.167457846717228	0.184773312122036
"Calliphlox_bryantae"	"Calliphlox_bryantae"	0.326361315754464	0.410004549211711	0.173922486087697	0.174887003086157	0.395677275978465	0.136981545854697	0.0955963029811092	0.181305807765353	0.189665357628572
"Calliphlox_mitchellii"	"Calliphlox_mitchellii"	0.326238780213878	0.409432910430858	0.176148677361869	0.175120647283283	0.39699631392873	0.135026842322123	0.0945718741700265	0.185841560598807	0.183523101368414
"Chaetocercus_bombus"	"Chaetocercus_bombus"	0.326301132354392	0.410826376667024	0.1810169508516	0.180988406983606	0.398509625228489	0.135134453294867	0.0933350969605621	0.206927640077853	0.233183762630241
"Chaetocercus_mulsant"	"Chaetocercus_mulsant"	0.326060099364152	0.410227634855788	0.192471754079808	0.171917214619102	0.397518264291255	0.131253220914757	0.102883396914894	0.202044959237684	0.233234080628317
"Microstilbon_burmeisteri"	"Microstilbon_burmeisteri"	0.326178525641224	0.408948096055505	0.177536737107387	0.175273615892541	0.398115289898098	0.132344082175068	0.09302010539626	0.224581406908895	0.209680755015618
"Calothorax_lucifer"	"Calothorax_lucifer"	0.325358896398255	0.412338981443295	0.178735623142786	0.187825829370945	0.434998943334346	0.170710703918724	0.109615998425775	0.158747681973601	0.186489856774208
"Doricha_eliza"	"Doricha_eliza"	0.32499635049513	0.41625448817526	0.176191003295865	0.18609023198304	0.428661645095159	0.168332628323241	0.122107609212733	0.158357931768518	0.187835576602034
"Archilochus_colubris"	"Archilochus_colubris"	0.325871074288771	0.409351338895486	0.177264979183138	0.183600027144614	0.43161603709936	0.262103781056108	0.0939062726845678	0.16335623230511	0.179695892398572
"Archilochus_alexandri"	"Archilochus_alexandri"	0.32644701635268	0.410388247638335	0.176426717294268	0.183865134078232	0.43744704920299	0.225005085044055	0.0970018813494967	0.162172683959636	0.180534963478164
"Calypte_anna"	"Calypte_anna"	0.328275098461647	0.423808056468564	0.192276169585837	0.339617777813762	0.430261531140648	0.190175441947532	0.109364100792777	0.165929386479223	0.184423880103431
"Calypte_costae"	"Calypte_costae"	0.328510539473082	0.431002123919536	0.199717700773892	0.337185433203012	0.431375976507668	0.188940199874106	0.111541178724669	0.171493873701425	0.184934687080568
"Selasphorus_platycercus"	"Selasphorus_platycercus"	0.332532497396929	0.415633186257941	0.20349872966521	0.72727746028367	0.4603865743141	0.297069062934989	0.148099131643228	0.168589618214481	0.288080720071855
"Selasphorus_rufus"	"Selasphorus_rufus"	0.332175437874954	0.41570687136943	0.201139977602881	0.658060480488029	0.477533168527084	0.300742414244448	0.147416310255926	0.168086614091445	0.19692932276555
"Selasphorus_calliope"	"Selasphorus_calliope"	0.332263462725808	0.415370395479796	0.198677954233887	0.658799375369754	0.469189560478848	0.28955436556035	0.144751230364956	0.167038089761736	0.193314003905375
"Selasphorus_sasin"	"Selasphorus_sasin"	0.332263462725808	0.415063582459043	0.199435732179935	0.657839672180141	0.463843067009078	0.290969150708821	0.146293836208411	0.16810141355845	0.19479174930544
"Atthis_heloisa"	"Atthis_heloisa"	0.332529133204403	0.41777028488401	0.261985091640207	0.655329856460443	0.443526948970916	0.493243035601113	0.834217810845972	0.270456045545423	0.192122445618118
"Selasphorus_scintilla"	"Selasphorus_scintilla"	0.333191405850061	0.418877639479975	0.358541784690578	0.64964327137989	0.447431968637618	0.504293777261162	0.736193092491829	0.320183843480962	0.192203644542201
"Selasphorus_flammula"	"Selasphorus_flammula"	0.333012503143967	0.418441082863504	0.369880240799296	0.650917315909309	0.44820461599307	0.478756875411873	0.732478940978139	0.292628214721423	0.190561325126727
"Hylocharis_leucotis"	"Hylocharis_leucotis"	0.202786727957235	0.107681542304391	0.175802283628342	0.15888680316298	0.181021495325392	0.134214963565863	0.13343628598837	0.160890189125499	0.184647427916799
"Hylocharis_xantusii"	"Hylocharis_xantusii"	0.202433890283029	0.109063416420023	0.177132782987475	0.159372816285195	0.19665644275955	0.132792754617924	0.131938942660827	0.15796411570694	0.180523521592454
"Campylopterus_rufus"	"Campylopterus_rufus"	0.201924097397102	0.115364405007683	0.179787633840226	0.170206395661556	0.16016003138553	0.150419335775684	0.116052143111057	0.17358923212367	0.197440319476732
"Abeillia_abeillei"	"Abeillia_abeillei"	0.202202959576317	0.109153290964854	0.179279984987748	0.159424239740655	0.149645522787296	0.138578985665334	0.111098195657177	0.163724106186664	0.187111759713723
"Klais_guimeti"	"Klais_guimeti"	0.202783662544169	0.110345722292414	0.176465149461254	0.160074883430344	0.151659380338007	0.140689797627395	0.112479538214099	0.165612299641812	0.180686524160343
"Stephanoxis_lalandi"	"Stephanoxis_lalandi"	0.202269207444977	0.109566162149141	0.184768506070315	0.170624663426939	0.146119797576037	0.155682443990507	0.106865065733827	0.171261762651958	0.186960289461624
"Campylopterus_largipennis"	"Campylopterus_largipennis"	0.201980517762201	0.131284805524686	0.174431342990498	0.159828059157081	0.142878424269302	0.354587505916553	0.274550206010259	0.190190271387883	0.193959123213674
"Campylopterus_hemileucurus"	"Campylopterus_hemileucurus"	0.202146937604793	0.121942474111141	0.173454991101964	0.167991659636519	0.155490138698904	0.155564225087135	0.238669462427854	0.167656774068493	0.193408831604903
"Campylopterus_villaviscencio"	"Campylopterus_villaviscencio"	0.202739334772702	0.165803592552487	0.239045774007714	0.206986317951414	0.144511287411549	0.217645320563115	0.188271875915828	0.167876379917932	0.184910558633878
"Campylopterus_falcatus"	"Campylopterus_falcatus"	0.201934217863288	0.129812837255308	0.180654645850068	0.227197276245592	0.143915764855812	0.144963013399668	0.203180557742418	0.166681706911889	0.183318897841134
"Campylopterus_ensipennis"	"Campylopterus_ensipennis"	0.201934217863288	0.12016803981902	0.19375398226506	0.193299332282322	0.140901888745015	0.140972710365131	0.194718298003196	0.164821368537257	0.185125315998485
"Cynanthus_sordidus"	"Cynanthus_sordidus"	0.20226244565436	0.117351329476305	0.184066648214611	0.297961076928979	0.143201897276689	0.177431957271059	0.118689825916084	0.201219733490175	0.207001882433797
"Chlorostilbon_ricordii"	"Chlorostilbon_ricordii"	0.202255346373002	0.117952521763134	0.174607496855672	0.334773979996078	0.149981592798553	0.138412740627854	0.103319356282769	0.165974914385001	0.196009034161134
"Cyanophaia_bicolor"	"Cyanophaia_bicolor"	0.201932111022285	0.129740976993796	0.175340995302277	0.334819721297578	0.138653242530319	0.137324911609173	0.104320947244383	0.161508109063059	0.189712383721432
"Cynanthus_latirostris"	"Cynanthus_latirostris"	0.202716695586222	0.119919975601358	0.528270557667213	1.07749805870526	1.05196325395522	0.12905684622417	0.10790138446274	0.160538683881528	0.208986340202284
"Cynanthus_doubledayi"	"Cynanthus_doubledayi"	0.20301571835419	0.117672931869693	0.198205961626349	1.09044603026766	0.181693713696209	0.127685619937689	0.226943688442615	0.189198003221186	0.42095819560449
"Chlorostilbon_canivetii"	"Chlorostilbon_canivetii"	0.204565546479013	0.117738069434256	0.197784966420447	1.08633815211932	0.183090025455691	0.127285456412619	0.233081702532283	0.17506454125157	0.397402648420936
"Chlorostilbon_poortmani"	"Chlorostilbon_poortmani"	0.202330621375724	0.255784571226742	0.171307624145378	1.22966689614808	0.13839693535135	0.129245630931822	0.096575514780624	0.158780971842541	0.178252028640107
"Chlorostilbon_melanorhynchus"	"Chlorostilbon_melanorhynchus"	0.202781829562531	1.11322460849565	0.172529928707195	1.47604588785903	0.134133485179074	0.129602391798873	0.0932859916154342	0.172523976725851	0.178448011296508
"Chlorostilbon_assimilis"	"Chlorostilbon_assimilis"	0.202330621375724	1.18446085108726	0.175056370028779	1.49334833332955	0.137562300089395	0.128698333119443	0.0939756906586608	0.165117388771426	0.181177967736823
"Chlorostilbon_mellisugus"	"Chlorostilbon_mellisugus"	0.203084043685045	0.161668142536315	0.16871947720571	1.21266323653972	0.137713900619435	0.132199964877671	0.0961806897244713	0.170771351314008	0.178616567128915
"Chlorostilbon_lucidus"	"Chlorostilbon_lucidus"	0.203024258207614	0.161696866156782	0.174165487518806	1.21412183361412	0.138429963758728	0.128030453552964	0.106009707783675	0.160538293471223	0.182999612809501
"Chalybura_buffonii"	"Chalybura_buffonii"	0.222232959452662	0.294321422993159	0.178723244814262	0.168416871555915	0.137200459931447	0.228037778164513	0.0985437557949092	0.404481527221468	0.179584268504849
"Chalybura_urochrysia"	"Chalybura_urochrysia"	0.223419885378092	0.294736624954359	0.180706564406941	0.166650890123381	0.145615079504882	0.231988748999275	0.0988352685517835	0.404610394968287	0.18153970434539
"Thalurania_glaucopis"	"Thalurania_glaucopis"	0.223440599478018	0.307462382565749	0.23513170270453	0.511712190018142	0.147354005615241	0.224392680567088	0.099314937771796	0.535709810701481	0.180070544273971
"Thalurania_furcata"	"Thalurania_furcata"	0.222888038716311	0.335828936747379	0.311425497349221	1.0310029942394	0.158186342468423	0.254747258008935	0.0931954663009304	0.704465796558408	0.176845828554855
"Thalurania_colombica"	"Thalurania_colombica"	0.223397714503735	0.417842373896564	0.567369390121112	2.38134940480693	0.253685729945772	0.224970823401902	0.0900266563136117	1.27203513396685	0.174868093728893
"Thalurania_fannyi"	"Thalurania_fannyi"	0.223397714503735	0.415716257795393	0.544057644084943	2.47680828027747	0.242272443509544	0.225823875952118	0.0908038431642451	1.31520689781916	0.175078459562182
"Microchera_albocoronata"	"Microchera_albocoronata"	0.223678631149422	0.337985851179869	0.171890745545881	0.14557764993687	1.19887464712435	1.48295328555113	0.0934839822339699	0.436668889914248	0.222283763673445
"Elvira_cupreiceps"	"Elvira_cupreiceps"	0.223777149510795	0.33332663466363	0.173450888176175	0.145819870114582	1.30664456747938	1.47443942834598	0.0924990917737913	0.442441119700027	0.20999927753381
"Elvira_chionura"	"Elvira_chionura"	0.223777149510795	0.33386742416568	0.172646432697302	0.146069917472026	1.47198084088252	1.47282019883311	0.0921397090943116	0.436679116395479	0.212108602231701
"Goldmania_violiceps"	"Goldmania_violiceps"	0.222841314451827	0.3245191201606	0.172564634070555	0.154386155686022	0.139543952492687	1.46782498099486	0.0988496724900546	0.434494346409791	0.180682285365491
"Thalurania_ridgwayi"	"Thalurania_ridgwayi"	0.222746131799116	0.32850508139404	0.176398405547172	0.151125505507851	0.142928480168123	1.46639851478806	0.0930769006749095	0.455501886231882	0.183582523610337
"Eupherusa_nigriventris"	"Eupherusa_nigriventris"	0.222941426458776	0.345210248629506	0.180111812673172	0.24754656924653	0.136830911032113	1.47637655316116	0.0928399234829293	0.439683349930689	0.179134151489299
"Eupherusa_eximia"	"Eupherusa_eximia"	0.223670401062059	0.336540789996192	0.178232597477002	0.182458343147373	0.133237851639178	1.47090069262949	0.0910209488001031	0.477414347334393	0.179923233467007
"Eupherusa_cyanophrys"	"Eupherusa_cyanophrys"	0.222988917671707	0.339364741408158	0.186021904607401	0.150728734968381	0.137129266590849	1.46932735223108	0.0912536765470767	0.428624620103007	0.175224674867694
"Eupherusa_poliocerca"	"Eupherusa_poliocerca"	0.223288119367969	0.337211510272007	0.196333504303535	0.150690308340258	0.135526202880245	1.47006339431981	0.0898309215516594	0.429381942190574	0.175316973702206
"Phaeochroa_cuvierii"	"Phaeochroa_cuvierii"	0.22201313649209	0.111570891910647	0.175105242215591	0.17813821016409	0.148767602329565	0.144277473185083	0.159510993541378	0.161858996778564	0.187608266766649
"Leucippus_fallax"	"Leucippus_fallax"	0.22169841706152	0.111586034160334	0.177506473628384	0.184226078960981	0.153752584762502	0.156338172453278	0.162798474239808	0.174726506525188	0.193219179738676
"Taphrospilus_hypostictus"	"Taphrospilus_hypostictus"	0.224439929750606	0.111817016261424	0.170847028717143	0.198454555834433	0.167667757593314	0.142812331810797	0.255754911962587	0.159876192146241	0.182812400513493
"Aphantochroa_cirrochloris"	"Aphantochroa_cirrochloris"	0.22336776771217	0.109806181674176	0.173033892311456	0.194714405807446	0.160281487869114	0.142121457451885	0.329915337864462	0.1615641428881	0.194231339177295
"Eupetomena_macroura"	"Eupetomena_macroura"	0.223393810635305	0.109563264943879	0.172362516571781	0.199347356369542	0.148806200529719	0.180573939079443	0.621270384213825	0.164718964005019	0.185326611847954
"Leucippus_chlorocercus"	"Leucippus_chlorocercus"	0.238328124708308	0.112013019967885	0.179740514863222	0.290335143661567	0.157640738665706	0.154715750854709	0.266627886826377	0.173555023681142	0.193085321562863
"Amazilia_viridifrons"	"Amazilia_viridifrons"	0.251645790245435	0.180840447793367	0.878165721479894	1.07878520816137	2.83215182899729	0.486409603031236	0.645543344587883	0.269188602960525	2.9762388576068
"Amazilia_violiceps"	"Amazilia_violiceps"	0.251713482708802	0.180620889355232	0.878056925280854	1.08077933249205	2.84513537394931	0.48087511568236	0.646319539922897	0.268003055991854	2.97575859868374
"Amazilia_cyanocephala"	"Amazilia_cyanocephala"	0.308267131540983	0.870222524482184	1.01121249412817	0.790624873650534	1.40790521892195	0.518358968040709	1.2449739235738	0.429723985046422	3.00814329120258
"Amazilia_saucerottei"	"Amazilia_saucerottei"	0.308913748253019	0.887808070642372	0.957356105654648	0.792754951222267	1.4023072205463	0.51700242766608	1.25007327631549	0.431489996859139	3.0093975153816
"Amazilia_cyanura"	"Amazilia_cyanura"	0.308825896967658	0.897993952471708	0.957011987488114	0.799218749225002	1.40300352751656	0.51965703079523	1.25367200209016	0.435309345308773	3.00911215507083
"Amazilia_beryllina"	"Amazilia_beryllina"	0.310319284226796	0.90163922178272	0.956524872876185	0.799923760160952	1.40141739646252	0.516787157162498	1.25361158855357	0.436565575275609	3.00947648082022
"Amazilia_edward"	"Amazilia_edward"	0.308669561541715	0.553756224704928	0.94264507459324	0.789116398899911	1.40645008597824	0.796556762597093	1.40204059044509	0.755048344817793	3.01914245711579
"Amazilia_castaneiventris"	"Amazilia_castaneiventris"	0.30868740345373	0.553153839332854	0.944792593868602	0.792323886750089	1.40202517372895	1.46797165704606	1.69940943902747	1.65473439901688	3.0347465944635
"Amazilia_tobaci"	"Amazilia_tobaci"	0.30868740345373	0.55311784873763	0.94411595242987	0.792425487253442	1.39892702749095	1.6468218548459	1.78470631164063	2.22233134744062	3.0415211163347
"Amazilia_viridigaster"	"Amazilia_viridigaster"	0.30868740345373	0.553150541806624	0.943946372307189	0.792570797102833	1.39827619588214	1.64073137235938	1.76694877082332	2.04206483856677	3.03899552156067
"Amazilia_rutila"	"Amazilia_rutila"	0.243679665170222	0.113902965470179	0.174182263109357	0.299398924060325	0.160728646872961	0.138930432461647	0.261365447069403	0.170316170292439	0.184041153648097
"Amazilia_yucatanensis"	"Amazilia_yucatanensis"	0.242807679942638	0.110798019129438	0.171188757822182	0.294284654464058	0.146030355131885	0.13350686194108	0.259929965790868	0.157645511828269	0.181098615732782
"Amazilia_tzacatl"	"Amazilia_tzacatl"	0.242952523959738	0.108845386542667	0.17071860477166	0.298847836179297	0.14317764251097	0.136618591882123	0.268307648131875	0.157927385230485	0.180693174752539
"Amazilia_amazilia"	"Amazilia_amazilia"	0.243086491382921	0.108965563046299	0.174878197131835	0.2971271189899	0.148988550706776	0.432587014925527	0.320682725573652	0.159490168368985	0.199186964177782
"Amazilia_franciae"	"Amazilia_franciae"	0.24300816509994	0.116666777028376	0.179664054613627	0.356836615307634	0.15110049170337	0.852498468453782	0.338160993452733	0.15804226094885	0.217705060939896
"Amazilia_versicolor"	"Amazilia_versicolor"	0.244035455538592	0.112729276538705	0.165439869918227	0.308462243069669	0.229147303350255	1.34956859019724	0.38268989947395	0.159170624085129	0.246789521594083
"Chrysuronia_oenone"	"Chrysuronia_oenone"	0.244453827169776	0.116179587164226	0.164384437917574	0.303997905101091	0.157522283523177	1.41069172922424	0.396585361699292	0.162764952802237	0.243586290773332
"Lepidopyga_goudoti"	"Lepidopyga_goudoti"	0.244595921509735	0.109711138204831	0.165539401081661	0.314630768348894	0.188306647248335	1.36100377530914	0.394947937589535	0.153417692876078	0.243644570569873
"Lepidopyga_coeruleogularis"	"Lepidopyga_coeruleogularis"	0.24468981861873	0.10504859357557	0.166172285804147	0.29610643689695	0.139626148451063	1.35063693563108	0.378795149875487	0.151609857824638	0.431907948395051
"Hylocharis_grayi"	"Hylocharis_grayi"	0.245438737312824	0.104013718991167	0.163784163371236	0.295190240189696	0.137153164352342	1.3945153561633	0.371318407150884	0.154658542181951	0.758024582626497
"Amazilia_chionopectus"	"Amazilia_chionopectus"	0.246386438525708	0.104353641342897	0.164050394807339	0.292485916339013	0.134999347921391	1.37017488111486	0.379677384642721	0.149861986266428	1.90707683080965
"Amazilia_leucogaster"	"Amazilia_leucogaster"	0.246539096600976	0.104063639374051	0.164931744028769	0.293277441005179	0.135957727489308	1.37080946748459	0.376846131257318	0.149850140438678	1.43519686963325
"Leucochloris_albicollis"	"Leucochloris_albicollis"	0.242820314569616	0.107683356954038	0.180390969557886	0.301691285703064	0.18975923991913	0.148018263951869	0.263605481028928	0.156075696319268	0.18144833546273
"Amazilia_lactea"	"Amazilia_lactea"	0.24385978101435	0.106054292171203	0.210885761368828	0.313681624956173	0.340528770250729	0.127488026982277	0.247388678967699	0.170328470249341	0.178119126230577
"Amazilia_fimbriata"	"Amazilia_fimbriata"	0.24383959014489	0.107321980081447	0.210365488777251	0.310920052981967	0.337097953112751	0.127178198903313	0.245678452953336	0.165079912496134	0.176214321416591
"Hylocharis_chrysura"	"Hylocharis_chrysura"	0.242807151992409	0.109415578058939	0.209557217236832	0.308401560773148	0.32199860546404	0.136157570757399	0.248273669880765	0.174402074574555	0.181614321946689
"Hylocharis_sapphirina"	"Hylocharis_sapphirina"	0.243132754266298	0.107732362082537	0.212503525960449	0.307819895821227	0.327981059916207	0.140898141030367	0.248471167203783	0.159663686810859	0.180848156320947
"Amazilia_chionogaster"	"Amazilia_chionogaster"	0.242854218803075	0.144028512665754	0.425419840552817	0.308177329428368	1.77605855777115	0.143063759475053	0.250587246950701	0.156594276937585	0.179413477445957
"Amazilia_rosenbergi"	"Amazilia_rosenbergi"	0.243082498255349	0.106223370985746	0.166952607911617	0.299927301631489	0.140011012017928	0.13224638424036	0.251083793843489	0.16936792350139	0.180312085826704
"Amazilia_amabilis"	"Amazilia_amabilis"	0.243622268436527	0.105723582135486	0.165181572265597	0.299959294371135	0.139575991625203	0.127765456546857	0.247126746185372	0.152787712405146	0.178551837125694
"Amazilia_decora"	"Amazilia_decora"	0.242667119327332	0.104692698478379	0.163803678139349	0.324565730132417	0.145205610729242	0.129130383288079	0.24926792309663	0.158934167439858	0.183632017930612
"Amazilia_candida"	"Amazilia_candida"	0.242512167469377	0.108370269523295	0.223125719639978	0.296948594599262	0.150104657828593	0.410651371700448	0.277699418351226	0.167362053502653	0.186406060933995
"Hylocharis_eliciae"	"Hylocharis_eliciae"	0.243007905790966	0.10814990012801	0.167871875853847	0.402089787519529	0.273685717910391	0.134532059736572	0.265343859900278	0.16165952035525	0.205959314587773
"Hylocharis_cyanus"	"Hylocharis_cyanus"	0.242795764695607	0.111057050473213	0.170134989538175	0.298239372609539	0.144354789096386	0.131673477337448	0.284312540459385	0.173865516744469	0.181538020157496
"Damophila_julie"	"Damophila_julie"	0.243203464768814	0.104944925244872	0.168144929708971	0.29322664395279	0.139098371851561	0.134103476000854	0.28016493570257	0.183237418113822	0.177642360044817
"Chlorostilbon_notatus"	"Chlorostilbon_notatus"	0.242741512828148	0.105278284244464	0.168532187130572	0.294318509623415	0.142958235061628	0.133043040899334	0.296230891980597	0.15997494671985	0.177241821760166
