"Species"	"crown_Hue_f"	"crown_Bri_f"	"crown_Sat_f"	"gorget_Hue_f"	"gorget_Bri_f"	"gorget_Sat_f"	"belly_Hue_f"	"belly_Bri_f"	"belly_Sat_f"	"mantle_Hue_f"	"mantle_Bri_f"	"mantle_Sat_f"	"rump_Hue_f"	"rump_Bri_f"	"rump_Sat_f"	"crown_Slope_f"	"gorget_Slope_f"	"belly_Slope_f"	"mantle_Slope_f"	"rump_Slope_f"	"mean_span_f"
"1"	"Coeligena_bonapartei"	590.7	5.90606973366584	0.130913120719503	700	14.933637257606	0.225347971941913	620.222222222222	15.9599570983652	0.257272330630367	560.333333333333	9.2688520928235	0.297629115548591	624.888888888889	21.6630539312829	0.388587937390735	-0.0331939007364921	-0.0790772113732335	-0.139082432810566	-0.0311157448323635	-0.203070590416551	0.221320954977537
"10"	"Coeligena_coeligena"	694.142857142857	4.45769850694692	0.0973787633824875	700	9.203200120057	0.0985679974611697	683.714285714286	6.11602469896687	0.0954397097579626	670	5.65196501603135	0.197171267883507	608.285714285714	5.57172829711436	0.180854814663365	-0.0363339769148557	-0.076927859847999	-0.0471241668946681	-0.0487419465407909	-0.0559772254007837	0.098261987657426
"19"	"Coeligena_eos"	561	1.9287769925187	0.22507344289501	700	10.3922542693267	0.182360897286434	587	13.0463250448878	0.297337109966967	562	5.9691490074813	0.303038195238279	603	9.14789561845387	0.312570087415937	-0.0126020526683292	-0.0535200907896924	-0.107539588279302	-0.0630929003158769	-0.0966763431421446	0.156853663422126
"28"	"Coeligena_helianthea"	700	6.05021903408146	0.0390176662980165	700	11.4744219210308	0.174137335970886	695.666666666667	10.7827057356608	0.157631608569475	548	6.94854488944306	0.179660111038863	608.666666666667	17.9917066691604	0.196335061987198	-0.0655235127569964	-0.0687115773676918	-0.0680983225879745	-0.0748002378886118	-0.207063427082294	0.160942955365497
"37"	"Coeligena_inca"	563	4.8617809127182	0.215544218911153	700	7.38287695261845	0.190681713771074	538	18.3588141346633	0.356989894731516	558	6.73064456857855	0.331767881024156	537	10.0931466832918	0.277508795051242	-0.0714661996674979	-0.0589645416791355	-0.194525623374896	0.0112572763092269	-0.138630837871987	0.157886050954735
"46"	"Coeligena_iris"	612	11.8093865561097	0.361091471638164	625.5	7.23530144264339	0.233921571941903	700	9.25029318703242	0.11334778584106	653.5	4.76003621695761	0.202579602293683	652	5.47433493391521	0.177520890258091	-0.140848705012469	-0.0421109428428927	-0.0734988249127182	-0.0376778219118869	-0.0252587295344971	0.20255661027367
"55"	"Coeligena_lutetiae"	603.333333333333	9.21778030756442	0.108022970642406	700	12.6663025095594	0.187309054921512	602	9.39192108894431	0.155699815801042	598.666666666667	5.66834467664173	0.162369546790495	556.666666666667	7.56902600914381	0.135032062310504	-0.0695025771571072	-0.0872090652479911	-0.0709268756830147	-0.0302360819894708	-0.0850708314990302	0.106513718525943
"64"	"Coeligena_phalerata"	546	19.1421473453865	0.286110950078924	700	11.0275762487531	0.230236744868866	695	7.43130084850374	0.118019299983962	607	8.50001079301746	0.197418667957972	560.25	9.95145367643391	0.258440157917107	-0.309901907905237	-0.0487239220573566	-0.0598487329467996	-0.0919287717096148	-0.119204088952618	0.18850778295851
"73"	"Coeligena_prunellei"	555.5	2.85230986907731	0.0567708053415605	486.5	8.53176461471322	0.188575606228281	556	1.35763685910224	0.0611007773255975	555.5	1.81772548877805	0.0652278805139386	649.5	3.60425725311721	0.12286786879181	-0.0284409420947631	-0.135023866483791	-0.0151298876226101	-0.0176494273067332	-0.044723489201995	0.148811833597115
"82"	"Coeligena_torquata"	529.571428571429	7.58479050213751	0.251125927471021	671.785714285714	20.3433238129676	0.0734550954185	655.357142857143	5.38136447969362	0.149580358801526	556.428571428571	5.63735521036694	0.285820486896537	552.357142857143	6.24521795511222	0.253454238506336	-0.0875515321422634	-0.150783545802161	-0.0409974552582828	-0.0665074977852986	-0.0529909827455171	0.180952086035388
"91"	"Coeligena_violifer"	626.5	4.97412502680798	0.108387447725309	584.75	8.12935761533666	0.223397553366776	700	8.56948188154614	0.123966218111877	567.25	9.13839961970075	0.259373143878885	568.5	9.40775642705736	0.264649271186819	-0.0438071620282627	-0.0509456035827099	-0.0599868772527016	-0.0855980992352452	-0.0524175411055694	0.138540195545339
"100"	"Coeligena_wilsoni"	687.75	6.16902561034913	0.0543305052473042	442.75	18.2835025642145	0.203263712240279	700	7.72493830049875	0.0558756194409149	673.5	7.07453630860349	0.116569253155748	649.25	7.79052650249377	0.113562775157932	-0.0608499119492934	-0.19179101652951	-0.0724012739484622	-0.0363190572734829	-0.074824795241064	0.147179628283868
"109"	"Coeligena_orina"	609	4.06246554114713	0.0433055709665843	700	13.4918068902743	0.231414319939452	561.5	13.328669925187	0.28047423332388	543.5	4.52864789276808	0.24179862451548	552.5	9.91729294763092	0.295247980783303	-0.0271906724438903	-0.0762545512551954	-0.104821782136326	-0.0200717320199501	-0.109899839426434	0.180297531574147
"118"	"Ocreatus_underwoodii"	579.4	5.69922690972569	0.205569188476719	609.1	15.6480616446384	0.0696019455738173	614.2	11.6277133503741	0.063840664137436	549.3	7.89787110199501	0.244205807989404	547.8	7.99294481620948	0.24018612154109	-0.0268309841928512	-0.0931620264921031	-0.112218782420615	-0.0688537954696592	-0.0543099652468828	0.154301829045938
"127"	"Eutoxeres_aquila"	698	3.73730390108063	0.123161460933797	691.666666666667	7.99531651371571	0.111035507166556	689	8.20376451371571	0.0993401796661	610.666666666667	4.65466680798005	0.177976027239722	542.666666666667	4.6237832078138	0.177867332888582	-0.032811814081463	-0.0504620836076476	-0.0739068624106401	-0.0644796558381823	-0.0681683989637018	0.106744002370281
"136"	"Adelomyia_melanogenys"	579.5	3.90346711097257	0.214929418583669	520	2.93739820074813	0.121891357221616	560	5.28181182294264	0.094172377471698	578.5	12.7622140710723	0.282112909875267	584.5	7.83850541645885	0.262842648281997	-0.0389991025103907	-0.0331215728927681	-0.0134622396093101	-0.199286913059019	-0.0707431313549459	0.120558087091134
"145"	"Colibri_thalassinus"	597.5	6.25170955735661	0.200642688203839	552.5	9.89667180798005	0.21514137123868	562	12.0472093503741	0.208077050880147	553	6.90535975561097	0.23882120202209	571.5	11.8927350785536	0.238458677910883	-0.0961172580631754	-0.11887003368246	-0.14061443921862	-0.0516883313798836	-0.113696255594347	0.0897597785960332
"154"	"Heliangelus_exortis"	558	5.66005638154613	0.212007090931436	682.5	19.2294924389027	0.129770899361318	635.5	7.38279969201995	0.103887406601381	543.5	6.90811869201995	0.268370647287418	559.5	4.5106716957606	0.166233830740214	-0.0262859598586866	-0.225540476176226	-0.0833355739567747	-0.0974092684954281	-0.0569568980714879	0.183468389151325
"163"	"Eriocnemis_vestita"	560.285714285714	6.45535213537585	0.244689551972079	489.285714285714	29.5906892063405	0.325057399358123	544.142857142857	10.9411635372284	0.177648685263097	559.714285714286	6.76758007445672	0.291833147067214	564.625	16.86185130916	0.330826570849779	-0.0274795943291431	-0.426072647750109	-0.102186094622966	-0.0711562288445553	-0.183287554938356	0.261224368457848
"172"	"Colibri_delphinae"	700	7.52260422194514	0.149011229739715	593	9.58584234413965	0.130047962942118	695.5	9.61004982294264	0.113955599821037	700	6.19729627182045	0.140887940340068	697	6.33924577805486	0.154699567052195	-0.0570276209975062	-0.102489391637573	-0.0469250585286783	-0.0488152764089776	-0.0686116861180382	0.0692255227477109
"181"	"Florisuga_mellivora"	567.25	3.91721348379052	0.112722937671337	555.25	7.66671708977556	0.142049888283679	617	16.9292515704489	0.0262163706116592	547.5	7.53393713279302	0.246571044805656	555.25	8.07526105112219	0.203269065238702	-0.0276313574438903	-0.0608404961554447	-0.151576000685786	-0.057862350436409	-0.0712684804613466	0.164943742652988
"190"	"Aglaiocercus_kingii"	525	8.91373536159601	0.283609358947589	563	7.83773235743973	0.205826313897427	697.333333333333	7.59932978137988	0.171283280498052	559.666666666667	5.76747723524522	0.299530985730759	544	6.33291526766417	0.297991853699041	-0.101784436054309	-0.0771533774674425	-0.0557545953228041	-0.0755838426433915	-0.0696152799778332	0.189739403266913
"199"	"Amazilia_saucerottei"	562	2.43549534413965	0.170305709953952	554	8.43299569201995	0.333944113506611	550.5	6.17987734663342	0.26992773249066	554	4.61156169825436	0.260523445432201	571	6.01120327057357	0.137247958443132	-0.0187645727098919	-0.12296893361596	-0.0529377887863674	-0.039472250315877	-0.0591049967747298	0.124570836704806
"208"	"Phaethornis_syrmatophorus"	698.5	1.26501743017456	0.103003102595287	700	4.60829751371571	0.153138021027983	700	6.11998423316708	0.110952488114557	589.5	5.31336557730673	0.228559726057633	653.5	4.14481980049875	0.192055211840178	-0.00962026111388195	-0.0305888333499584	-0.0567059558270989	-0.0657612005320033	-0.0466873227182045	0.095172053803252
"217"	"Haplophaedia_aureliae"	587.666666666667	4.29808390523691	0.232558486673564	544.666666666667	5.82335346716542	0.262793562608292	597.333333333333	7.42761885453034	0.13078686624459	554.333333333333	5.95363999168745	0.280502666533717	603.666666666667	4.67515651870324	0.214326549613923	-0.0288513576780271	-0.0722522631199778	-0.0759896409919645	-0.0808287990246606	-0.0671442878248822	0.162888214271066
"226"	"Phaethornis_guy"	617.75	4.20470930673317	0.159223784156903	681.25	9.9880129819202	0.150994426094108	692.222222222222	7.95741583984483	0.126474457186213	566.875	9.19135491957606	0.186883923030091	521.333333333333	10.5553779343308	0.164597626337287	-0.0177295867082294	-0.057673178780133	-0.0627868559434746	-0.0965348098004987	-0.11603160168537	0.111051512598951
"235"	"Heliodoxa_rubinoides"	566.5	5.34226469077307	0.220642260225486	642	33.9937934464425	0.249756360125122	642.5	5.37909483665835	0.141672380712982	571.5	4.57275679177057	0.2105171779165	595.5	6.0955643117207	0.190168360102471	-0.0131505203574397	-0.691124208149562	-0.0396233625519534	-0.0456830086533666	-0.0512730491188695	0.149703063325429
"244"	"Doryfera_ludoviciae"	560.5	15.2245972169576	0.292722139455315	642.5	5.53426051745636	0.120837810946786	577.5	5.95402560723192	0.132365752857445	575	5.5294989127182	0.184213358712691	554	9.04820764214464	0.14121828790686	-0.266523766683292	-0.062797282726517	-0.0736006391770573	-0.0470770039068994	-0.154158150764755	0.131450365526703
"253"	"Colibri_coruscans"	561	7.5419698553616	0.189521284053411	468	8.56253464837905	0.266078397088622	452.5	11.8980599600998	0.349229513978436	547.5	4.92186487406484	0.187298044341404	565	7.38355666458853	0.212621282700948	-0.0554238873233583	-0.139570280864505	-0.145312729359933	-0.046903036251039	-0.0609474761679135	0.306369822494941
"262"	"Amazilia_franciae"	540.5	5.13270842394015	0.263607138410281	625	17.0255122668329	0.0498736868787792	548.5	14.62802980798	0.0345073614446117	567.5	6.45384094139651	0.217279879158316	617	8.01777510473815	0.220278505071899	-0.0305313079135495	-0.0939040661429759	-0.137747311055694	-0.0620579688196176	-0.0997438377057357	0.189424628880701
"271"	"Amazilia_cyanifrons"	502.5	3.45982139276808	0.0978031147605816	543	8.05301894139651	0.354228659866685	544	12.028969584788	0.347190481681123	551.5	4.57160388653367	0.2455715772889	637	5.03123618329177	0.128959356822704	-0.0330624831920199	-0.118229564704904	-0.15359382152951	-0.0457990861762261	-0.0168968065752286	0.219447578147229
"280"	"Lesbia_victoriae"	555	6.83619385660848	0.197202383742939	610	23.157709794951	0.361673130803633	700	14.5268622892768	0.077438220985863	554	8.24421359850374	0.275636457773393	564.5	11.3723202094763	0.228768756553773	-0.0285236416625104	-0.0688985948877805	-0.122108574962594	-0.0494344709808811	-0.0824160982709892	0.193170246176753
"289"	"Selasphorus_rufus"	655.333333333333	5.63111821446384	0.249840168595296	694.333333333333	12.8502717273483	0.117743373801485	697	6.95622018038238	0.17854057260492	588.666666666667	4.62046725519535	0.199970649399843	608.666666666667	9.57303154114713	0.281297234789669	-0.0397887250540316	-0.0317257046993627	-0.0279266942033804	-0.00626881251316155	-0.00859902576336935	0.111975832473615
"298"	"Calypte_costae"	700	13.7850538778055	0.170843725555044	693.5	15.1521548503741	0.108710303357833	700	18.0094877905237	0.127565906455672	647.5	7.38685995012469	0.210059143432623	559.5	9.8399946446384	0.223740249963262	-0.0680009650789693	-0.0355466313466334	-0.0713792089193683	-0.0695597857938487	-0.0726594556857855	0.0822869116122072
"307"	"Selasphorus_platycercus"	598.5	7.5531245872818	0.246864945309745	690	17.3529431134663	0.100702942586066	700	12.678221627182	0.0969345981407041	526	10.8455922157107	0.100052866764476	557	11.8805502531172	0.164301038445351	-0.0359538101080632	-0.0224036642061513	-0.0394066599916875	-0.0411660063923525	-0.0515246923275146	0.0982757980115672
"316"	"Selasphorus_sasin"	643.5	6.07996910349127	0.227449916045016	699.5	19.1914371932668	0.109651367268762	691	13.344433255611	0.0940188415613304	598.5	11.7206112855362	0.266269939530487	599	7.78400256483791	0.287173055358653	-0.0611676296259351	-0.0692833160349127	-0.0591983248628429	-0.122530211446384	-0.0752669089443059	0.119160236217579
"325"	"Archilochus_colubris"	657	8.17484011346633	0.16525999141101	654.25	13.422403548005	0.101252987528126	657.25	12.4817679850374	0.0892068605045969	613	8.40423089339152	0.178288283965741	583.75	7.85143572880299	0.202153832386963	-0.0900199897007481	-0.149004608250208	-0.0611601085286783	-0.0791037847090606	-0.042485086882793	0.101739915920688
"334"	"Archilochus_alexandri"	700	6.73578029842062	0.162415592702201	648.666666666667	13.9197212784705	0.106826978321787	694	16.8164233566085	0.0713906212753047	637	8.42467795428096	0.230136441790919	568.666666666667	13.9600022094763	0.18224459163888	-0.0275206099528955	-0.102515934280964	-0.0943635951676365	-0.0520520824660571	-0.0934289878082571	0.10702632237383
"343"	"Calypte_anna"	700	10.5055241558603	0.134867125192149	700	13.7937715972569	0.103956268676006	657.5	14.6882501359102	0.152068405016856	594.5	8.0245202032419	0.134535318051011	584.5	12.3543986346633	0.184596690150241	-0.0760106171820449	-0.0645148329260183	-0.120736149592685	-0.0177812329260183	-0.0665558519617622	0.0451151943363186
"352"	"Selasphorus_calliope"	577.5	3.09019615336658	0.229210129167398	625.5	17.9906785785536	0.0967913223557962	694.5	17.6199583329177	0.11003888140919	610.5	9.68707614713217	0.14054871336606	598	11.7211116695761	0.307518163016626	-0.0241327306982544	-0.105652663424771	-0.17836911687448	-0.0922777588778055	-0.0556493495926849	0.125717317959599
"361"	"Atthis_heloisa"	700	6.27032871695761	0.101718173670668	584	14.2656764663342	0.0273477525592065	700	8.11648464214464	0.0838339979108978	601.5	7.3791975	0.185952499605057	597	8.79133660473816	0.196102715288364	-0.0405012426101413	-0.0353727523773899	-0.0030854748960931	-0.0301714884954281	-0.0455749079883624	0.115917789618728
"370"	"Calothorax_lucifer"	700	6.19845460224439	0.141501548956095	700	11.0682934950125	0.149077091753492	595.5	15.3265343316708	0.0953356326330998	628.5	14.4663840436409	0.176022871393734	610.5	10.3188160361596	0.257473953014716	-0.0150430452452203	-0.0134341114214463	-0.0188853683707398	-0.125461055768911	-0.097938103840399	0.107609759450303
"379"	"Heliomaster_constantii"	696	8.59400702244389	0.186047508606454	700	5.06988746134663	0.163857810285999	693.5	24.386318765586	0.0919957978481812	564.5	10.9631567805486	0.154321073593314	640	12.9318396458853	0.151290525865638	-0.0683741862011637	-0.0311895436907731	-0.114319591903574	-0.075924437290108	-0.06168403680798	0.103710736079319
"388"	"Amazilia_tzacatl"	572.5	6.1607301340399	0.252436453772579	563	14.1142585087282	0.260320430890278	585	8.24955397838736	0.154239744680995	568.75	8.3790439925187	0.270056026803589	570	12.9077058098504	0.248226627706098	-0.0218632086325852	-0.223561694709061	-0.010251603413688	-0.084598909850374	-0.11255289315877	0.129782999721328
"397"	"Cynanthus_latirostris"	700	16.1459217543641	0.121566095503938	695.5	16.8540538665835	0.095701323444684	594.5	7.7493133117207	0.0795724788896464	555.5	15.004473286783	0.243624102700412	591	16.8531816845387	0.23026426779542	-0.135432672635079	-0.0907782294596841	-0.0198702973815461	-0.140123159559435	-0.183283375062344	0.132932283408887
"406"	"Amazilia_violiceps"	700	6.14996078553616	0.108944277811127	693	26.4405699713217	0.0874716294608671	700	21.5130403054863	0.0821269849832873	695	8.61061969201995	0.146788317152075	696	11.465367978803	0.160339765291953	-0.0570298042144638	-0.117326060640066	-0.0676097994679967	-0.0395809665253532	-0.0956827762676642	0.0682087372465928
"415"	"Lampornis_clemenciae"	700	8.09012414962593	0.142206725304589	699.5	12.7967324725686	0.0791044286866052	693	10.4004177456359	0.0937402632674326	700	11.0322956907731	0.0788445524680035	651	7.7967445872818	0.170053088349068	-0.0290569142726517	-0.0999292600332502	-0.0623296311720698	-0.0452657787032419	-0.0171053933000831	0.070677311897677
"424"	"Amazilia_beryllina"	584.5	6.40313819825436	0.209658472674871	555	12.3948289775561	0.334675970162906	627	8.55936738778055	0.221144859150331	573	7.20815854862843	0.30721233110716	658	6.67675669201995	0.201325674087661	-0.0599018715045719	-0.164373919950125	-0.0558989379883624	-0.0578949018121363	-0.05150698840399	0.186011387076067
"433"	"Lamprolaima_rhami"	609.666666666667	11.6711192211139	0.232442861194534	656	5.91063463840399	0.219404200915922	629	5.98583556608479	0.114635286595448	574	6.50044392186201	0.295763667518326	590.666666666667	8.04290308395677	0.300269525754964	-0.121928917899695	-0.068371929443059	-0.0330795504904406	-0.0708970655306179	-0.0849531892657246	0.196326533997981
"442"	"Eugenes_fulgens"	700	6.24661676683292	0.183174052383669	700	17.7681154551122	0.146132369851245	700	13.5243218054863	0.149504938115147	521.5	7.75311628304239	0.082202998909451	604	7.79863155486284	0.197274245212583	-0.0409846777722361	-0.12448166687448	-0.0118973116541978	-0.0110056425436409	-0.0320513604488778	0.082685547294315
"451"	"Amazilia_cyanocephala"	622.5	10.3850245461347	0.228676990200222	650.666666666667	24.8187577630923	0.0998034097066238	662	16.9193828088113	0.120046524575576	580.333333333333	6.05592286616791	0.243893077468039	691	7.59546105236908	0.193883898297307	-0.223048379376559	-0.117430298509282	-0.126166932773622	-0.0578905345912995	-0.0245507752950956	0.144683672214952
"460"	"Amazilia_yucatanensis"	698.5	4.23982087157107	0.169605368612924	631	15.322329276808	0.20909787950213	649	10.7648576832918	0.202189732360143	599.5	7.73155086783042	0.237264827278896	655.5	10.3905915723192	0.182093664295597	-0.0605181440731504	-0.135355990723192	-0.0383710696758105	-0.0675648992518703	-0.0744021415710723	0.0845879180549159
"469"	"Eupherusa_eximia"	630	3.56625810598504	0.175515423248569	582.5	9.05505482294264	0.0596019408043135	578.5	6.76797658977556	0.0725731034639419	562.5	6.16088458603491	0.250245659843029	568	7.09430315586035	0.238511755281197	-0.0270968473815461	-0.0478103351537822	-0.0361449740315877	-0.0408930154530341	-0.0642179009226933	0.132937650688599
"478"	"Thalurania_colombica"	583.714285714286	6.15800909654435	0.2051625896471	697.428571428571	16.9660274606341	0.077020064693388	657	8.56666189882437	0.0916089602311324	553.6	6.64071790822943	0.26102941185078	552.5	10.5757232884456	0.254532026009949	-0.0620368269231683	-0.0843382615698848	-0.0527726257879112	-0.0605096508229426	-0.130020842208368	0.143157028025067
"487"	"Amazilia_chionogaster"	584	5.74330931920199	0.206136224177558	692	23.0529558316708	0.0928404081970274	700	21.4773253516209	0.0782065861588571	567	9.77868078678304	0.237446616876691	577	11.7780572955112	0.221997971965849	-0.0211678700498753	-0.104011345328346	-0.0744453040980881	-0.00807993531172071	-0.091823123433084	0.116893994321541
"496"	"Amazilia_rutila"	613	3.41525935286783	0.134790300357149	700	11.7448838528678	0.187581683684554	700	11.4186456708229	0.186821987378987	622	11.8504773142145	0.215207375309692	616	10.4067457705736	0.260594640182685	-0.0479670971155445	-0.103144694156276	-0.0468577800748129	-0.120814621737323	-0.0455860301579385	0.0783320400681618
"505"	"Lampornis_amethystinus"	611.4	6.58307584738155	0.139412281914283	700	9.40499668728179	0.123440090545458	585	7.22535404987531	0.0753276616382445	586	7.4558347605985	0.214967239088805	621	6.95456892468828	0.13904895137621	-0.0234494277406484	-0.0340843373765586	-0.0222192053765586	-0.0422522717107232	-0.0486535499950125	0.113853871764148
"514"	"Amazilia_chionopectus"	573	2.58470833416459	0.267029836980993	509.5	9.41994443266833	0.0528844890361911	599	8.09763753865337	0.257909476243748	577.5	5.6904482394015	0.299829039386105	599.5	10.581073798005	0.285054611979854	-0.0194625467913549	-0.0856689046965918	-0.092176540648379	-0.0561001646965919	-0.162477518877805	0.150010015405168
"523"	"Campylopterus_hemileucurus"	685.5	6.24016849750623	0.137264803100824	574	7.59442800124688	0.0713395669633067	625	9.03198283915212	0.183427603720786	549	7.14933439401496	0.262752791150812	555	8.49431601870324	0.253703969347155	-0.0207536937406484	-0.0525850703491272	-0.0629234404655029	-0.0452709842394015	-0.104497275037406	0.175478037542251
"532"	"Hylocharis_eliciae"	554	2.75854378179551	0.171603357893319	474	9.16268519451372	0.138262766577227	628	9.38053863840399	0.156375914046657	569	11.4896180461347	0.284482864607544	586.5	14.3563656571072	0.297701555619182	-0.0269031439900249	-0.0643096296758104	-0.0533344658935993	-0.101067726683292	-0.13800706954281	0.182640098918139
"541"	"Heliomaster_longirostris"	600.333333333333	6.05429620532003	0.177536204882845	652	16.2620123774752	0.345921845211878	687.5	21.9608307481297	0.0749756555115913	581.666666666667	7.80160980548628	0.262175618407071	587.333333333333	8.50218803990025	0.244879025902852	-0.0322963946023829	-0.229987619047965	-0.150215841454697	-0.0417078446550291	-0.109973579811582	0.189473618075262
"550"	"Hylocharis_xantusii"	700	7.1659953042394	0.153838518384548	700	8.21575351246883	0.222337175766807	700	14.2242979812968	0.124492319169587	571	10.5443730810474	0.269166449992699	567	12.9550775137157	0.279558014989163	-0.0340042973898586	-0.00745201905236907	-0.0925552578886118	-0.0708275377223608	-0.102858416566916	0.116879624444039
"559"	"Metallura_tyrianthina"	566	5.02636537032419	0.304212363192167	665.166666666667	6.15972775394846	0.208701219122781	661	9.01892026849543	0.119625567022839	558.8	5.43822200648379	0.332373186264079	575.2	8.37961283890274	0.337450852932756	-0.0514846953532834	-0.0421741257107232	-0.0809267517484068	-0.0628658664738154	-0.102329951511222	0.182150571563663
"568"	"Lesbia_nuna"	559.666666666667	7.06003784372402	0.273183721034736	552.333333333333	10.5235440681629	0.269579213606003	647.666666666667	10.7124427406484	0.13306910414187	566.333333333333	6.47629819451372	0.280388259398864	552	7.61404384954281	0.339215386035084	-0.0318854349736769	-0.0957375847880299	-0.0753815522305348	-0.0356341986810751	-0.0471479143086728	0.148966897997549
"577"	"Lafresnaya_lafresnayi"	633.5	5.07392339401496	0.125422030548069	576	3.511112840399	0.236759058505922	572.5	6.24924470074813	0.237676723811536	564.5	5.6378005723192	0.262918727286413	565	5.85606248379052	0.264823548094761	-0.0262966658686617	-0.00575806414796342	-0.00930388387364922	-0.00171105949293434	-0.00615183711554446	0.0916839863209745
"586"	"Eriocnemis_cupreoventris"	581.5	3.28512667581047	0.224959820683768	542	2.66859239900249	0.277332853015108	603.5	3.94960523690773	0.304099711496271	566.5	5.18006700249377	0.265364481209934	538	7.18943858603491	0.29886495459085	-0.0184872619035744	-0.0255138682128013	-0.0322349229592685	-0.0267781071404821	-0.0709796716126351	0.194828022113402
"595"	"Chlorostilbon_mellisugus"	591.5	4.44080002618454	0.228698392451497	700	5.23364948628429	0.0444321120997718	637	5.5207709127182	0.0454365156579705	570.5	6.97151185660848	0.255504208602655	566	9.82806562219452	0.262424682957894	-0.0437310248545303	-0.00880103231920199	-0.0702078935910224	-0.0816689278886118	-0.137384783965087	0.160620723179476
"604"	"Calliphlox_mitchellii"	700	3.54489107730673	0.125881126810134	700	10.8740854962594	0.0830644220556395	700	5.54747474688279	0.145959129395704	612.5	3.42631064089776	0.195587859838146	610.5	5.38502664214464	0.173927713096069	-0.00339091189526184	-0.0604656603740648	-0.0513836457605985	-0.0274455116292602	-0.0502166955195345	0.0950991939710472
"613"	"Aglaiocercus_coelestis"	504.777777777778	12.6366153503713	0.258345763726365	611.222222222222	16.9741278423386	0.13732887772435	687.888888888889	7.76438324826822	0.238247248168648	561.666666666667	6.03394752396786	0.279966351349319	559.555555555556	7.39077853172624	0.268327152225876	-0.168353707679819	-0.175461959987069	-0.0493484615313568	-0.0366808590689942	-0.0601680912755149	0.245411016548425
"622"	"Eriocnemis_luciani"	491.5	4.23026419700748	0.149435443688968	530.5	8.11540481296758	0.249005894057362	534	6.68547916458853	0.217687856369458	544	4.42220840897756	0.258369450207734	549.5	7.01095233291771	0.285073916289024	-0.0192215047630923	-0.0777026477639235	-0.0579685244804655	-0.0234617677722361	-0.083723014879468	0.163526472652789
"631"	"Chlorostilbon_russatus"	596	6.35993480673317	0.210340731850258	700	9.63084411970075	0.0281892547755172	695	6.85074518703242	0.0311854379006106	592.5	6.49467367082294	0.217047660638892	590.5	7.77680373690773	0.23210872469398	-0.0266766498420615	-0.0248264373732336	-0.0348671108229426	-0.0196342237489609	-0.0043516860016625	0.123991688407343
"640"	"Chlorostilbon_stenura"	616.5	4.27051930049875	0.166296829257399	565	10.9347630685786	0.1231894333032	682	12.4027876122195	0.107467014174102	568	10.0499201620948	0.236085635528526	560	8.43487255112219	0.258923752183581	-0.0134486335162095	-0.0756674103574397	-0.106476779883624	-0.0975657728179551	-0.0956275298254364	0.173055275036907
"649"	"Ramphomicron_microrhynchum"	573.5	4.20021825561097	0.188989793741977	612.5	2.95674081421446	0.121614474733537	581	4.70037684912718	0.106230995793411	574	4.7147771957606	0.200933012809868	576	6.72027226932668	0.185915841241694	-0.0331018643474647	-0.0162238672901081	-0.0520496632252701	-0.0418779834663341	-0.112759787489609	0.0759968491762787
"658"	"Campylopterus_villaviscencio"	563	23.3731614027431	0.341026012402639	585.5	5.32376111970075	0.0639367509374409	441.5	3.58876520822943	0.0240102814543736	563	4.40541683291771	0.225430432513566	533.5	9.71198048503741	0.152878857975334	-0.388430593873649	-0.0225691456857855	-0.0224651772069825	-0.0493395856109726	-0.115642753532835	0.187271515294515
"667"	"Aglaeactis_cupripennis"	700	3.22692748004988	0.121664119734935	700	5.48591817082294	0.248855925621139	700	5.57916272194514	0.234682162813083	700	2.68603235037406	0.167437908536788	700	3.48162605735661	0.190230451246316	-0.0300896726683292	-0.0433633537738986	-0.0409203946134663	-0.0157461640232751	-0.0160182165170407	0.0782072288584108
"676"	"Metallura_williami"	546.5	3.97628148379052	0.239821326107481	551	5.37565712967581	0.267501306432196	538.5	5.74749716708229	0.244732102131764	543.5	6.52474863840399	0.306904831274469	536	5.75393673067332	0.237586551954552	-0.00929384291770573	-0.0410019687448046	-0.0679764233000831	-0.080494360648379	-0.055902788719867	0.0573360933071373
"685"	"Chalcostigma_herrani"	700	2.47372653241895	0.321538206211706	700	2.59304183665835	0.0989295167308125	634.5	4.40384658478803	0.142610814111425	582.5	4.33042106982544	0.236916757113963	636	3.95069109351621	0.254937490651069	-0.0189702670074813	-0.0192939511305071	-0.0530771701579385	-0.061343001687448	-0.0615428491936824	0.155162835474266
"694"	"Patagona_gigas"	700	4.53560092518703	0.103736967255651	700	7.28407751995012	0.181115203618894	700	8.40315007730673	0.194333060011128	665	6.40306016583541	0.15467377819897	700	12.148288553616	0.056105866105103	-0.0185397482211139	-0.0467690240897756	-0.0489175290773067	-0.0482644279301745	-0.0704316049542809	0.094595761341299
"703"	"Chlorostilbon_melanorhynchus"	599	4.41235744139651	0.189921539063125	602	7.27033455777224	0.0483146889834629	657.333333333333	6.03005410806318	0.0929486383686146	577.333333333333	5.75788530507066	0.188520747196448	571.333333333333	7.8996254081463	0.220788786915816	-0.0183158948683846	-0.0117413397450817	-0.0521300092490994	-0.0522310092103076	-0.0881176482793017	0.12543845843116
"712"	"Klais_guimeti"	469.5	6.5858562032419	0.203007696448008	700	9.7000275436409	0.0609921127595949	700	7.33510983541147	0.0537991689283982	556.5	9.34640391521197	0.280549509355503	548	8.91622799002494	0.242940029828587	-0.0624738561762261	-0.0611541767664173	-0.0530326581878637	-0.0504423969077307	-0.0714477645137157	0.223267328783784
"721"	"Campylopterus_falcatus"	588.5	4.58320642518703	0.114531260372418	463.5	10.6769696496259	0.383510734046832	698	10.6971303678304	0.0427163787951999	556.5	6.59669030798005	0.240394806075706	538.5	7.8298851521197	0.244813142716387	-0.0214435820698254	-0.147366404413965	-0.0918691207730673	-0.0580643035743973	-0.0514299975145469	0.30410243046541
"730"	"Chrysolampis_mosquitus"	669	3.19529329426434	0.178592600778644	652.5	5.99452582668329	0.12556092194963	700	9.78429300249377	0.0379866306292207	620.5	6.60637400124688	0.262063916997456	593.5	7.77893760099751	0.19277164870258	-0.0232638628262677	-0.0484405668911056	-0.070736954638404	-0.0620490207564422	-0.0761903054031587	0.122641203324377
"739"	"Phaethornis_yaruqui"	674	3.97454619950125	0.107828665172929	656.5	4.38598569201995	0.114518800396136	553	6.53538714837905	0.0955362855523609	557.5	3.72038123815461	0.177722023155565	544.5	4.94159083541147	0.16421851374537	-0.0124352224688279	-0.0145994466500415	-0.0530366272236076	-0.0281937969492934	-0.0520461842560266	0.0928780688839179
"748"	"Heliodoxa_leadbeateri"	566.5	3.61915003117207	0.17602778535497	556.5	6.92824093765586	0.190844273353581	563.5	6.63273491396509	0.170388121999967	565	2.91579499127182	0.274079749376015	560	5.44651518329177	0.236807705247054	-0.0442944792601829	-0.0501381361014131	-0.0360878848295927	-0.0120927886783042	-0.00800973433083956	0.0831585651741659
"757"	"Boissonneaua_matthewsii"	575	3.8454775723192	0.201367175522228	570.5	2.70285937780549	0.246686446822683	700	1.8390039713217	0.232621915846878	570.5	4.87624317705736	0.253792261327035	563	6.05206329052369	0.231266363164644	-0.0207918319368246	-0.0171217702161263	-0.00868104028262677	-0.0104654078304239	-0.0417143497090607	0.126493401344076
"766"	"Topaza_pella"	562	2.44361511034913	0.212376002620963	677.25	16.675430223982	0.317763453216159	581.5	10.4052359625935	0.292169849674498	570.25	5.00017272069825	0.272472278068658	554.75	7.18187076870324	0.270184631074893	-0.0173594888778055	-0.271590894258247	-0.0946647436533666	-0.0284016857689111	-0.0712724508021612	0.211397917398992
"775"	"Topaza_pyra"	558.5	2.9922494276808	0.206680065913445	661.5	27.3983962812469	0.480192636416115	594	6.32460477431421	0.311661161855049	582.5	4.99575665087282	0.289029946104619	559	6.41052785785536	0.270669156102736	-0.0175134264671654	-0.423048254689885	-0.0608119992103075	-0.0205280319617623	-0.0254623699085619	0.243944217985757
"784"	"Florisuga_fusca"	321	1.18659712718204	0.102798059046067	375.5	0.365451551122195	0.0682025212871292	435	0.450501072319202	0.130496121662752	343.5	0.403500098503741	0.128925488333885	300	2.39921638778055	0.0781427877500439	-0.00921306824605153	-0.00400502803823774	-0.00339307518703242	-0.00448070781379884	-0.0324754477888612	0.0778645454539345
"793"	"Eutoxeres_condamini"	596.5	1.83866062967581	0.152827779407433	700	7.72394748753117	0.0650468153134506	700	8.06018044389027	0.0473533839379676	568.5	6.88923728553616	0.228660997105297	553.5	5.68803387406484	0.17264120749103	-0.0109108882294264	-0.0533932722527016	-0.0758460793433084	-0.11820668719867	-0.0548526720947631	0.110287505491601
"802"	"Ramphodon_naevius"	700	2.74453353699086	0.101091465761844	700	2.95418171571072	0.133975193479201	700	3.52185651787199	0.0569934657448508	639	5.24150486699917	0.231496168373939	691	4.06789247215295	0.141287680187748	-0.0108675773344417	-0.028196972003325	-0.0377137429426434	-0.0665366691992241	-0.0146510455804932	0.10800026546958
"811"	"Glaucis_aeneus"	683.5	1.0899109713217	0.0721848060943125	700	4.81448969950125	0.15230099674577	550.5	4.10377639526185	0.0657912825250487	638	9.62975500374065	0.307109871528895	637	6.60183897506234	0.290972444293123	-0.00681194883624273	-0.0194533888944306	-0.0365458797256858	-0.13689775674148	-0.0762105317290108	0.157383987816044
"820"	"Glaucis_hirsutus"	695	2.64612449276808	0.177324548707139	694.2	6.2786087436409	0.213315023885461	692.6	10.3936669890274	0.142593605729849	557	7.50804477256858	0.249551042530176	569.2	8.13964874763092	0.238778925585975	-0.0111344312518703	-0.0411631514480465	-0.0964545350290939	-0.0946698469459684	-0.0644085205054031	0.114682289252049
"829"	"Threnetes_ruckeri"	611.333333333333	5.11740175893599	0.150977834589233	700	6.37698258187864	0.236175123818966	696.333333333333	8.9509782003325	0.0877722517099241	607	3.87918182211139	0.198335341870164	562	8.63318832252702	0.193663956359524	-0.0513446872097534	-0.0257353280631754	-0.0663063080631754	-0.0529596182432807	-0.127043363424771	0.107952702667116
"838"	"Threnetes_leucurus"	575.333333333333	4.06681451288446	0.205256758321744	699.333333333333	2.92945534164589	0.165548059185394	696	9.76987574646717	0.081745295478841	575.333333333333	5.5681233765586	0.220388974437332	591.666666666667	8.4104692876143	0.225350164479631	-0.0231056875422555	-0.0167121379163203	-0.0789187721418675	-0.0572182715710723	-0.056710687420338	0.102060653598925
"847"	"Threnetes_niger"	584.5	4.57733350498753	0.229974702924426	651	2.65399694139651	0.176386687096366	584.5	5.76675577306733	0.0654757720452108	587.5	4.78361716334165	0.185969034426397	600.5	7.15008501246883	0.250759264800109	-0.0475475248212801	-0.0153563552119701	-0.0542175075228595	-0.0326821030922693	-0.0433642416043225	0.119540804042163
"856"	"Phaethornis_squalidus"	700	1.32249436284289	0.112961661174282	700	3.74155577431421	0.0849016211442124	700	3.55916402992519	0.120205590482549	657.5	2.793770840399	0.186286677166048	645.5	2.64744667581047	0.146130970952196	-0.00511256569409809	-0.0100955125519534	-0.00651246656691606	-0.0276410344970906	-0.0239003631421446	0.0839964599136749
"865"	"Phaethornis_rupurumii"	700	1.53555477930175	0.0547022961973436	700	2.36093385286783	0.0650014486997565	688	4.29449799625935	0.0293618871461652	679.5	3.50443871571072	0.143548811846892	653.5	4.20492883291771	0.164359736792358	-0.0162083786699917	-0.0191781619368246	-0.0208771396591854	-0.0450579162759767	-0.0473530623773898	0.0802054269562411
"874"	"Phaethornis_longuemareus"	689.5	2.76909412219451	0.105782073557066	700	5.05575966334165	0.139394768088372	700	5.87407203865337	0.124830689130804	630.5	6.69907787281796	0.168219037203021	660	6.23893448004988	0.120326697150472	-0.00790726173732335	-0.0121160821030756	-0.023393808553616	-0.0430989231088944	-0.0266363778387365	0.0679853480746109
"883"	"Phaethornis_idaliae"	525	1.19118064339152	0.0899729170352961	700	2.35529421197008	0.200506691254538	700	4.65894397755611	0.109374697356174	599	3.38563563216958	0.182246067512199	590	5.80036420448878	0.152463692866764	-0.00451153261014131	-0.00498669349127182	-0.032658880407315	-0.0260300840565253	-0.0692781910640066	0.09589335187708
"892"	"Phaethornis_nattereri"	700	3.47650378553616	0.0638243504266489	700	4.09276890024938	0.168876365578785	661	3.23828589526185	0.10397180804553	655	7.01618704488778	0.249087616910442	700	4.05680172817955	0.119315145738112	-0.0118534193848712	-0.0181171158270989	-0.0279111925020781	-0.0175865433915212	-0.0287636273981712	0.100103064101093
"901"	"Phaethornis_atrimentalis"	690	1.08197436034913	0.123097207132851	700	3.18091846882793	0.0995982608557806	700	4.72203475935162	0.10984858675571	602	3.68090948877806	0.250026238422065	613.5	3.98302615461347	0.19211480496533	-0.00634816939318371	-0.0272722179135495	-0.0434086271487947	-0.0420965145885287	-0.0432409854779717	0.0923867703216763
"910"	"Phaethornis_striigularis"	693.5	3.19729899376559	0.0943474244141206	700	3.39292450498753	0.0936244281036437	700	3.17683218453865	0.0853889589587031	659.5	4.74820403491272	0.167161557463376	672	3.86358219950125	0.174949064122302	-0.0189016212884455	-0.0197624116292602	-0.0290428981961762	-0.0385932802826268	-0.0345685098586866	0.0857918375072449
"919"	"Phaethornis_griseogularis"	689.5	2.86813722194514	0.119566046724187	700	4.20192300623441	0.159608781151137	700	3.36056970822943	0.171343801282	603	3.95591336783042	0.217288740902234	636	1.69635269451372	0.171425479476931	-0.0141230673482959	-0.018949715677473	-0.0307102114879468	-0.0330070378886118	-0.01746457120532	0.0838483647984063
"928"	"Phaethornis_ruber"	624.5	1.38588758354115	0.210912979400996	700	4.34600571321696	0.185655779539058	700	1.34947342892768	0.224374299233364	585	6.56124184912718	0.255165028950201	576	3.71649675935162	0.228769381576512	-0.0120001302493766	-0.0227104155694098	-0.0058690263840399	-0.0822867584289277	-0.0282219981213633	0.0913695857768301
"937"	"Phaethornis_augusti"	691	6.63690136824605	0.186661867691808	694.666666666667	11.7095865802161	0.0869397777051685	687	11.752635524522	0.101870915000941	625.666666666667	8.00180342560266	0.235668846540249	684.666666666667	7.66326577472984	0.217668101216115	-0.0640294551288445	-0.0461353717484068	-0.0795481967137711	-0.0520140114269881	-0.0308365411526739	0.103242006636827
"946"	"Phaethornis_pretrei"	700	2.8415798553616	0.0952664710168775	700	3.601511	0.169791808665162	700	3.72381237406484	0.145398234611566	637	2.67895844014963	0.189946198934337	628	7.48059983915212	0.234441383824798	-0.00882346103906899	-0.00751389010806318	-0.00950437354945967	-0.00844706525353283	-0.0340348052119701	0.0814033339652475
"955"	"Phaethornis_eurynome"	556	2.07278787905237	0.0645783243145669	700	5.7603449201995	0.0655471554700835	536	5.78910329301746	0.0460061939049103	609.5	3.02152039526185	0.166043284862016	644	3.72041415710723	0.1368710312952	-0.00636326241895262	-0.0378728679800499	-0.0391890615045719	-0.003087521280133	-0.0177497869326683	0.0895436352481281
"964"	"Phaethornis_anthophilus"	675.5	1.66051891645885	0.0810886891222279	700	5.26229576309227	0.0738318947699111	690	4.70081780174564	0.0631784388225711	577.5	4.71513506982544	0.195349743248342	591	7.70851837157107	0.211889236616881	-0.00380881498753117	-0.0330167465752286	-0.0315709999584372	-0.0518787959767248	-0.0823162420615129	0.0989403913067211
"973"	"Phaethornis_hispidus"	550	0.750641665835411	0.0673416612265367	691.5	3.02861025685786	0.0854006692877382	557	2.95672084413965	0.0452174008448298	644	3.8499339638404	0.140021246889832	680.5	6.74366645760599	0.0968389847453461	-0.00384012400665004	-0.0243258307813799	-0.0274814191438071	-0.0387263016625104	-0.0732849372817955	0.0894661131686037
"982"	"Phaethornis_philippii"	637.5	3.33989671072319	0.118407204516867	700	8.1097647605985	0.114988870955588	699	4.94952484663342	0.137837609050846	607.5	5.45941345511222	0.149398515916556	656.5	4.3366370436409	0.137155797215461	-0.00023092073150458	-0.0488308360598504	-0.0366776195428096	-0.0271889582460515	-0.0282044493765586	0.0650985135037729
"991"	"Phaethornis_bourcieri"	643	4.84562628428928	0.125484675071746	551.5	6.67589122817955	0.0445037449983367	700	7.94313558478803	0.0596023548643813	593.5	4.69230971820449	0.164078088701008	609	4.53540002493766	0.145024891394932	-0.0204176266251039	-0.0513791384621779	-0.0692812673067331	-0.0551229018453865	-0.0474266356940981	0.0793663005414893
"1000"	"Phaethornis_mexicanus"	614.5	4.16937911720698	0.141206460063385	700	9.87726581795511	0.0548674210558828	697.5	6.27660146633417	0.0975375007588063	459	5.3030205	0.0997764473241363	627	6.95979206733167	0.11936571934986	-0.0128945615876974	-0.0564514600166251	-0.014502898886118	-0.0342257287697423	-0.0323499202244389	0.0781557878648405
"1009"	"Phaethornis_baroni"	680	1.2536643042394	0.0728069691033578	700	5.10568848379052	0.0973596984454268	700	7.87962318952618	0.0779613606917467	566	4.1909630074813	0.141815965926792	603	4.73852456109726	0.165056818201831	-0.0131451735660848	-0.0377466906234414	-0.0633969200166251	-0.0179278805486284	-0.0144724737988362	0.0750439850585087
"1018"	"Phaethornis_superciliosus"	583.25	2.29201407481297	0.104319909759683	697.25	4.99297252306733	0.0798822298275832	636	4.28700750062344	0.108122957439247	599.75	5.41575178927681	0.150377174070359	552.25	3.62981227431421	0.131378390835068	-0.0085800151039069	-0.0395418614380715	-0.0254576319368246	-0.0317055745303408	-0.0221167183125519	0.0809351579898414
"1027"	"Phaethornis_malaris"	700	1.62934863715711	0.0523387772305279	700	3.76787765461347	0.098425347307935	700	8.65561410099751	0.0924680254470972	448	3.81964270448878	0.163441677708155	618	5.78201645760599	0.170492107245712	-0.0115680700665004	-0.0294908323358271	-0.06881203400665	-0.0408152054779717	-0.0384835509891937	0.0864914634827292
"1036"	"Phaethornis_longirostris"	549	1.13564349875312	0.0953884610231714	549.5	3.53328040149626	0.0751008813846299	695	5.1732504638404	0.0973803185210215	619.5	3.14789537531172	0.176011719235512	666	3.03646887406484	0.148745146008381	-0.00965304066500416	-0.0124716037905237	-0.0395342796009975	-0.0300736722610141	-0.0393078232418952	0.0974107277903603
"1045"	"Doryfera_johannae"	507	24.115768589339	0.144804209767437	621.5	8.20087728553616	0.109866849292973	557	6.81231589401496	0.137466236318829	560.5	5.76834659476309	0.179021741062098	550.5	9.64145144513716	0.120434936742525	-0.500362159866581	-0.0476204988778055	-0.0766217103241895	-0.0843743189692435	-0.123634274114713	0.120571712596414
"1054"	"Schistes_albogularis"	552	6.47961036159601	0.226868097337671	430.333333333333	11.9863834829593	0.0208772065881255	549.666666666667	3.88965576475478	0.162821237326641	556.666666666667	5.38855274064838	0.213879922869608	559	5.93175913965087	0.18453029161007	-0.0813294654419507	-0.0770989785148241	-0.0412709772845663	-0.0611845714546966	-0.0392548522859518	0.117303330775131
"1063"	"Augastes_scutatus"	599	5.15892521197008	0.188739490763543	580	5.24576406483791	0.291587313354664	700	4.20260313092269	0.0858582056765195	569.5	4.98992654239401	0.180236230233108	564.5	6.80393999127182	0.142582923243677	-0.00655162686616791	-0.0669319627763924	-0.0243899750623441	-0.03184316439734	-0.0682126071487947	0.126588185053854
"1072"	"Colibri_serrirostris"	594.5	3.99533733541147	0.177016825924807	540	7.6155571084788	0.236394785051965	574	6.57969229052369	0.123586069483489	557	5.93670626683292	0.179257542784252	570.5	9.9035428117207	0.210545581343919	-0.0162976750290939	-0.0882438350789692	-0.019619751280133	-0.0438467213965087	-0.0813055750041562	0.112370520334008
"1081"	"Androdon_aequatorialis"	521	5.93291791770574	0.156376885371501	555.5	6.65157693765586	0.0251977119341303	700	11.4603331334165	0.0275002440876262	545	8.81185673690773	0.223765124397627	521	5.87404380548628	0.114082062829536	-0.0521857313632585	-0.0434946547963425	-0.0896939734081463	-0.0700118560515378	-0.0894434695594347	0.164004993369577
"1090"	"Heliactin_bilophus"	608	7.33086355610973	0.203179054807997	546.5	8.04553034413965	0.0409840201585236	547	7.78926235910224	0.0527978602358334	618	4.09489913216958	0.227786666873592	597.5	7.20327370822943	0.272591338268025	-0.0161352841147132	-0.0218336987531172	-0.0295149366749792	-0.0157214630673316	-0.0767433240399002	0.139538844985213
"1099"	"Heliothryx_barroti"	574.5	6.12993989650873	0.237332327090825	694	18.8285784139651	0.0580363583533804	696.5	11.4040737331671	0.0334554719854101	565	8.95096369077307	0.282661761952158	556.5	8.63419633915212	0.306652981539448	-0.058412890648379	-0.143751154197839	-0.0777007123773898	-0.0180137353283458	-0.0108161989526185	0.180173965149444
"1108"	"Heliothryx_auritus"	569	4.24062389650873	0.237126719667002	650	10.4586188179551	0.0259645604692212	395.5	12.4073662082294	0.0204074126059135	565	3.80726486034913	0.245296177025341	556.5	6.19552027805486	0.29102331434067	-0.0317036916375727	-0.107837433807149	-0.112520521280133	-0.0370777643807149	-0.0638206314546966	0.172218149234348
"1117"	"Polytmus_guainumbi"	603.5	4.42270212842893	0.136243755470807	581	11.060477265586	0.213329960759318	700	7.33886318453865	0.0604851119903008	605.5	9.98676204239402	0.285836705773003	609	12.5658746496259	0.298527074659844	-0.0413315215128844	-0.058249803283458	-0.0440440848960931	-0.0997289559434746	-0.136780647880299	0.145522697333348
"1126"	"Polytmus_theresiae"	565.5	3.62925042144638	0.186674198477766	554.5	7.51184870573566	0.249219179330664	569.5	6.80052521571072	0.254594389203147	579.5	5.75330458354115	0.277471984367451	566	8.17602564588529	0.27638013191418	-0.0326183325685786	-0.0251002754114713	-0.0208385755195345	-0.0634914072152951	-0.0463468439650873	0.0885182719949159
"1135"	"Avocettula_recurvirostris"	579	2.97231275311721	0.148003672364905	700	2.52859494264339	0.0535395075861822	565	3.20271495261845	0.192000614608669	555	4.46720151122194	0.23462235138772	564	6.14873393765586	0.233374760183509	-0.0258104750290939	-0.014239499368246	-0.0348708827930175	-0.0362908331670823	-0.063606723524522	0.144482979155747
"1144"	"Anthracothorax_viridigula"	591	4.03183370822943	0.158918784008959	465	2.63893274688279	0.164014791553269	440.5	12.8700601820449	0.0535610946030633	586	5.8504689713217	0.228965333256597	595.5	11.0661899513716	0.287491769769482	-0.0324208881463009	-0.0268210423690773	-0.0888383801330008	-0.070101583358271	-0.150103443117207	0.175624780118732
"1153"	"Anthracothorax_prevostii"	598	1.48467509975062	0.115253218826688	519	2.00505276433915	0.149539685328502	550.5	3.14559357855362	0.190190896582407	559	3.40562856109726	0.263336760530118	567	7.19634981296758	0.238431638112501	-0.00999624821280133	-0.027950369368246	-0.0384364847714048	-0.0374841124605154	-0.0257532511720698	0.149258968566771
"1162"	"Anthracothorax_nigricollis"	700	6.15586269326683	0.124754214110316	531.333333333333	1.25911126849543	0.0652787559392195	657.666666666667	5.24028066084788	0.0715365915463843	573.666666666667	10.1527002601829	0.240016023103682	577.333333333333	9.46884859850374	0.240241555351824	-0.0608556004100859	-0.0131603799612081	-0.0547842146633417	-0.122031636608479	-0.11836817674148	0.158067547017735
"1171"	"Eulampis_holosericeus"	560	2.66834377057357	0.190503343563872	536	5.2346849276808	0.243524068575191	543	1.49812601496259	0.0900523315210198	564	4.88161902743142	0.25055013936766	513	4.20648386284289	0.175678107941262	-0.00495776904405652	-0.0901936533333333	-0.0174026737323358	-0.0399685198171238	-0.0333919365586035	0.148385851665815
"1180"	"Eulampis_jugularis"	452	0.709919795511222	0.110668983788506	640.5	4.92944019326683	0.289039345949711	512.5	0.982739983790524	0.0825867149568842	534.5	0.918319224438903	0.10507900360702	478.5	8.60027759351621	0.225138469291811	-0.0017389240482128	-0.0665226845885287	0.000340950897755611	-0.0023082636159601	-0.131352675012469	0.220527035755994
"1189"	"Heliangelus_spencei"	573	3.41076892394015	0.212076072207902	676.5	3.08326684663342	0.179666317987391	638.5	4.77337826433915	0.190489628410688	561.5	4.6511469201995	0.241623163311456	584	5.4695102967581	0.258886247363345	-0.0174429547630923	-0.0213012763175395	-0.0486620356359102	-0.0516526072152951	-0.0817658870324189	0.122606696295435
"1198"	"Heliangelus_clarisse"	565.5	3.96524349376559	0.189241066943506	537.75	30.2139720286783	0.202874798454109	592	5.19239474812968	0.182511029257085	554.25	3.83442395448878	0.235145306849339	576.25	3.87159829488778	0.210666988894234	-0.0512261974106401	-0.567275937930174	-0.060370832847049	-0.0432186870698254	-0.048376669758936	0.19176175767776
"1207"	"Heliangelus_strophianus"	581.5	2.92516678927681	0.201672553056723	530.5	30.5135523640898	0.197435700825992	562.5	4.33492974937656	0.21219289986131	557.5	3.34988210224439	0.251477000415025	575.5	2.27867187157107	0.164496113339159	-0.0377141761512884	-0.531132958137988	-0.0593379102244389	-0.039322898645054	-0.0277409016957606	0.202860356815706
"1216"	"Heliangelus_micraster"	569	3.34936404488778	0.2882559568537	658.5	29.7046716620678	0.464491113409668	578.5	3.70714047630923	0.198847364241915	561	3.42113994389027	0.232353640609884	594	2.91571511346633	0.189813474669105	-0.0395064926018288	-0.49354009299198	-0.0440302074480465	-0.0362333295344971	-0.0361996475644223	0.269562904742978
"1225"	"Heliangelus_viola"	529.5	7.31921500997506	0.345623664729026	423.5	21.1385417406484	0.285500822535713	555.5	6.34251841396509	0.24795747353891	568	5.45290858229427	0.273964308107071	575.5	6.3384063765586	0.261076247478753	-0.0958478113965087	-0.473068938453865	-0.0433160661346633	-0.0515007473067332	-0.090322077680798	0.319320544864636
"1234"	"Sephanoides_sephanoides"	582	4.15301030798005	0.167624629003265	700	12.9457120785536	0.0843096494480477	593	8.26831554488778	0.2224270258367	586	6.44000177431421	0.213831791226101	565	6.64883360972569	0.194396160632488	-0.0325370994763092	-0.0869363275062344	-0.0363113932917706	-0.0396862169991687	-0.0322979999334996	0.0904078993703167
"1243"	"Sephanoides_fernandensis"	532	12.445807584788	0.218565904974136	567	6.19851806359102	0.139089016480822	700	7.00634435162095	0.0789893922738164	552	7.97608877306733	0.245435461726066	539.5	6.92323198379052	0.230565116429211	-0.191245612718204	-0.0490306896674979	-0.0144729836076476	-0.108075498786367	-0.107256611612635	0.131664643007688
"1252"	"Discosura_conversii"	580.333333333333	1.94372591770574	0.089755953636282	411.666666666667	2.40298059019119	0.0854796231541916	461.666666666667	4.69912950872818	0.0944469818568821	578	4.83617428179551	0.20323966877364	450.333333333333	13.7809515985037	0.0371470029077976	-0.0142903158548074	-0.00796676324743696	-0.0287558588972014	-0.0435341324244943	-0.125654880288168	0.137198605291887
"1261"	"Discosura_popelairii"	700	2.86565358229426	0.0926285420390476	530.5	1.21711715461347	0.135043651599723	700	1.52543960972569	0.0641931862276955	585	5.80550754114713	0.280164395512241	409.5	14.0357775760598	0.010634186572077	-0.0239161310307564	-0.00936595646716542	-0.013916281762261	-0.0702868947298421	-0.0339321637406484	0.15488253609665
"1270"	"Discosura_langsdorffi"	632	2.50190352119701	0.142218705177785	568.5	9.16986136034913	0.28797896247942	500.5	1.46548928927681	0.114425785456587	585.5	4.87296233790524	0.262445586709744	527.5	13.8963594314214	0.111484549331968	-0.00837504334995844	-0.128017712219451	-0.0107179312468828	-0.06560361159601	-0.12326315918537	0.166981146480398
"1279"	"Discosura_longicaudus"	563	2.2200456234414	0.143849266195912	515.5	0.818529310473815	0.149908539123058	617.5	1.4188450723192	0.224134598250988	568.5	4.99541220698254	0.192377790958642	700	8.57365585286783	0.0763955120541886	-0.00533521645054032	-0.00596006960931006	-0.0117118322527016	-0.0195976989110557	-0.0259144840482128	0.140724105177501
"1288"	"Lophornis_ornatus"	622	3.20958755610973	0.169358879177043	700	6.37651662593516	0.177092044313392	601	7.28748119700748	0.233060494396158	596	5.70357111221945	0.247297788809621	700	18.4733839501247	0.0363357847821055	-0.0161173608146301	-0.0271836299251871	-0.0530964177057356	0.00914982061512883	-0.17312909032419	0.113111306974541
"1297"	"Lophornis_magnificus"	640	4.19848559476309	0.184991564269273	555.5	1.95915728054863	0.101291678603362	569.5	4.78672297506234	0.195846980133005	570	6.9620087032419	0.255768983986224	556	10.9215884389027	0.0807685032639429	-0.0346801324771405	-0.00698405377389858	-0.040851171039069	-0.0678135338320864	-0.0620057160515378	0.119364438285386
"1306"	"Lophornis_delattrei"	628	3.67582452535328	0.157244895292265	587.333333333333	6.10840903491272	0.0990773495120752	597.666666666667	5.1267650166251	0.146462912092288	580.666666666667	5.73519070656692	0.212831892839018	668.666666666667	7.08431372901081	0.107687312982328	-0.00455488355777223	-0.0118159589138266	-0.0411291072707121	-0.0483992314159047	-0.0281762086838459	0.0978122544252731
"1315"	"Lophornis_stictolophus"	624	3.61086409975062	0.248208548596824	688	2.36209375810474	0.135561746009369	700	3.41699660349127	0.14548670954446	586	4.59337363840399	0.249903086153265	700	4.24010589526185	0.126723967083765	-0.0411891832418953	-0.0109018937489609	-0.0150470235577722	-0.0401365607647548	-0.03554489439734	0.100173566231406
"1324"	"Lophornis_chalybeus"	598.5	2.54024097381546	0.154060785819441	682.5	2.06825599750623	0.0815604161895883	700	8.26354165835411	0.0626090405549424	591	4.79132756857855	0.227755218609741	669	8.99990677057357	0.123096342974382	-0.0196024161263508	-0.0107896167497922	-0.0399969657107232	-0.058170609276808	-0.0466490444804655	0.103154575048615
"1333"	"Lophornis_helenae"	588	3.52097755860349	0.225803525776671	604	1.61044569326683	0.173727172662055	641	9.14435950623441	0.230757204976614	590	5.27068264837905	0.222904809303554	693	9.53248791521197	0.056557654536426	-0.0209961932502078	-0.0192297807647548	-0.0816988571903574	-0.0472767712718204	-0.0714660566084788	0.110177113557958
"1342"	"Lophornis_adorabilis"	598	2.92591714837905	0.152979697195969	524.5	2.71491938279302	0.0640614090633685	700	3.58643587780549	0.180644057120308	583.5	5.25443300374065	0.203553204139179	556	9.32763108104738	0.0735418184238255	-0.0276602177971737	-0.0157043329426434	-0.0252018585453034	-0.0428241330590191	-0.0820866914214463	0.105946873351448
"1351"	"Phlogophilus_hemileucurus"	552.5	4.09924299875312	0.193345415084665	481	8.62841966084788	0.0327992605219819	410	6.7039973553616	0.00275318774557322	554	5.61882529426434	0.228979465124475	544.5	5.110829	0.161159488130842	-0.0277213950374065	-0.0927445668911056	-0.0555798756109726	-0.0656383350540315	-0.0644469623108894	0.1328498734574
"1360"	"Sappho_sparganurus"	572	2.80788351246883	0.187868609811915	562	4.32073247381546	0.227983664633354	573	4.3319986521197	0.179299952716293	552.5	3.51747217082294	0.149876990162219	662.5	21.8806782119701	0.309521770921686	-0.0102312327763923	-0.0417149718038237	-0.014932049925187	-0.0288530296342477	-0.378783242643391	0.178948874816334
"1369"	"Oreotrochilus_chimborazo"	573	4.17822351496259	0.130283342053941	470	4.51119721321696	0.0890479799240951	700	5.4506086084788	0.0699364557027071	595	2.96605945261845	0.110994039535018	594.5	6.42283437157107	0.103331676502214	-0.0439965609060681	-0.00824696615128845	-0.0306358152285952	-0.0258860051620948	-0.0697210722360765	0.0574897649784474
"1378"	"Oreotrochilus_leucopleurus"	700	5.70416359476309	0.143906193476725	700	6.54396056234414	0.0715657719177413	700	8.94185830049875	0.0600320724466063	593	4.79777285910224	0.101301458877331	641	7.11733498753117	0.0799644136180575	-0.00314523655860349	-0.0220737260432253	-0.0444423476475478	-0.0375288502576891	-0.0681476351454696	0.0616888897704299
"1387"	"Opisthoprora_euryptera"	603	4.17099575187032	0.252907431373854	555.5	4.55974440648379	0.141785203553686	558.5	6.3426588915212	0.167796453777609	564	4.78369005236908	0.258844542518703	560	5.29602086284289	0.243967131047177	-0.069859175286783	-0.0581499225768911	-0.0896870313133832	-0.100253843042394	-0.0843732388944306	0.137746310586835
"1396"	"Chalcostigma_stanleyi"	597	2.60459226558603	0.226070821725024	668.5	1.75853572319202	0.0929809484051741	686.5	1.73557859975062	0.0877643409033859	519.5	4.1499958117207	0.123440334022914	468	2.94780240523691	0.0885886612913556	-0.0258905669492934	-0.00892187907730674	-0.00974332157107232	-0.0602991474812967	-0.032613009758936	0.156527451031225
"1405"	"Chalcostigma_heteropogon"	569	3.7837245286783	0.242561353469358	563	21.9038842707814	0.294242515192381	644.5	3.88295403366584	0.126228580323311	577	3.71544373690773	0.232177438100631	608	3.99659629052369	0.26647117405417	-0.0401952988611804	-0.460343048017457	-0.0346845845303408	-0.048842998553616	-0.0646399143557772	0.142848656982462
"1414"	"Oxypogon_lindenii"	630.5	1.03929898628429	0.130208126347527	639.5	3.57370021571072	0.155146609980552	633	5.20312344763092	0.138395774270773	567	4.43705580673317	0.217224739769622	564.5	5.38927695261845	0.177904111758972	-0.00862135184538653	-0.0319530458686617	-0.0581084170324189	-0.0483044598004988	-0.0623748353782211	0.0601639609968133
"1423"	"Oxypogon_guerinii"	700	11.0800031408978	0.0748745012484339	536.5	13.1698664027431	0.234421564235625	700	5.1157072605985	0.0875325923231142	605.5	3.81247104114713	0.188242327115218	636.5	4.20295350623441	0.144055168595667	-0.0521633681296758	-0.109659268628429	-0.0493874140731505	-0.0584917771571072	-0.0544613416209476	0.132916340006814
"1432"	"Metallura_iracunda"	565	4.77820254488778	0.232808033064517	687.5	3.41756243017456	0.20272007071707	656.5	3.91339435785536	0.169546177097381	560	3.91020154114713	0.235099511749808	629.5	5.69508215710723	0.336416870304925	-0.0350384331088944	-0.00341631291770573	-0.0365671479467997	-0.0479503764172901	-0.0796151884954281	0.173266322492296
"1441"	"Metallura_odomae"	564	3.00205853740648	0.242920036240731	640.5	6.36547554862843	0.404954469889389	588	2.82732128802993	0.23458208101791	588.5	3.31850375561097	0.28165040173882	569	3.79140693017456	0.206349259067397	-0.0158748362842893	-0.0726942113133832	-0.0341086349875312	-0.0215924313300083	-0.0318315713798836	0.180777859793432
"1450"	"Metallura_phoebe"	700	2.52554459725686	0.0851911429885802	540	8.71816718578554	0.171995393963101	697	1.13494174937656	0.0577768718960696	685.5	1.89296800374065	0.0492970325629264	644.5	1.97742427306733	0.188756081252275	-0.00297846394846218	-0.156959863948462	-0.00547541392352452	-0.00780821275976724	-0.0229563080714879	0.143337422748221
"1459"	"Haplophaedia_lugens"	459.5	3.75148732543641	0.150487349829615	394	2.90458714339152	0.0607762664891035	700	7.22737890773067	0.0229754939027167	569.5	4.58759786658354	0.215723721620662	596.5	3.76656494638404	0.189141228357016	-0.0208129053200332	-0.0331979184455528	-0.0763170291022444	-0.0624437441147132	-0.0574212142892768	0.154368056928385
"1468"	"Eriocnemis_nigrivestis"	556	5.26642716957606	0.22750580177226	503.5	27.3410843138556	0.303916198473765	533	7.12515663341646	0.18484495164469	556.5	5.1217338117207	0.254586441889092	530.5	12.5276190448878	0.293714856686277	-0.0366157614962593	-0.604302844988666	-0.0560667187448046	-0.0673418028179551	-0.130992071753948	0.214857646163251
"1477"	"Eriocnemis_derbyi"	565.5	5.36015638029925	0.220616789088555	547	1.45584783042394	0.230646663151248	565.5	4.06545469326683	0.271621497646438	566	4.66577624064838	0.252650822636126	560.5	33.7578475902699	0.314818015656192	0.00187614313383208	-0.0123428964172901	-0.0359692602327515	-0.053512572967581	-0.708865721004956	0.100866188312534
"1486"	"Eriocnemis_mosquera"	569	3.38246730922693	0.241350272416395	577	3.31594407356608	0.281544913924723	578	4.8280711882793	0.251134476453792	579.5	4.11416629675811	0.281493382407799	566	6.44313206608479	0.277553877760746	-0.0128653783624273	-0.0345933767331671	-0.0109743504904406	-0.0450501190939318	-0.0511750184954281	0.0953740820737116
"1495"	"Eriocnemis_alinae"	561	4.75771901496259	0.260027471067891	557	12.3466442830424	0.304522886586145	553	28.9104621484639	0.364842364768876	561.5	4.4793740074813	0.273241510240231	556.5	6.42188478678304	0.282964119114674	-0.0314077432335827	-0.163943540532003	-0.668203036732478	-0.0279121280216126	-0.0768362006566916	0.0811331722478001
"1504"	"Aglaeactis_aliciae"	700	5.93606345137157	0.107423169273241	700	10.5512284164589	0.124907542331915	700	3.9499959276808	0.0955711796497777	700	4.58155352618454	0.133821276762155	700	4.17010399002494	0.138934683584151	-0.0402365332003325	-0.0722963948295927	-0.0364561647215295	-0.0378079315876974	-0.0212691198503741	0.0539651832424008
"1513"	"Coeligena_conradii"	560.5	3.89134898877805	0.288388597558676	617.5	9.40563845511222	0.230283073020106	548.5	8.94788926309227	0.284983024684983	549	5.7159803553616	0.31814208149081	556	7.72540458354115	0.297980404877983	-0.0350753421113882	-0.0602721147215295	-0.0531651218038237	-0.0266446066001662	-0.0555724460515378	0.10089889578794
"1522"	"Ensifera_ensifera"	591	3.86179131421446	0.162474781042224	646.5	6.02792235162095	0.121047385170692	578.5	7.1545917394015	0.263776545975899	587	6.11638523316708	0.254746622784375	573.5	6.26616351745636	0.255663822342128	-0.0360980160764755	-0.0401442262261014	-0.0677664515544472	-0.0776942815461346	-0.0152607014713217	0.116351461679137
"1531"	"Pterophanes_cyanopterus"	700	3.61766451745636	0.0611821238298176	700	7.30933017705736	0.134176248414312	629	5.43221177057357	0.218939821151214	560.5	3.53282846134663	0.258764550744633	538	5.51745270573566	0.240456427649731	-0.0104302697755611	-0.0278273926184539	-0.0524575346550291	-0.025805544563591	-0.0262425267830424	0.172509608310103
"1540"	"Boissonneaua_flavescens"	571.5	4.73323505361596	0.207871160607813	561	5.10161615461347	0.173169726358304	558.5	6.09538087157107	0.236917499365883	559	4.4087932319202	0.231081657529494	433	4.96551954738155	0.171187110569523	-0.0568184540399002	-0.0382143230507066	-0.0756985855860349	-0.0129097915544472	-0.0469116454613466	0.0718877340919733
"1549"	"Boissonneaua_jardini"	462.5	27.7970210049875	0.354346998653766	452	1.63938745760599	0.0959009278317285	457	5.99848994389027	0.311031764558221	521	10.338499744389	0.280039880484097	528	3.95838145386534	0.181851524045898	-0.472700619733998	-0.0102029539484622	-0.0724368790440565	-0.118066802992519	-0.00336207736492101	0.288933362156799
"1558"	"Urochroa_bougueri"	609.5	4.2775182394015	0.156946931484645	468	7.60844570199501	0.375508988938178	700	5.36378076683292	0.0381031207702367	593	3.67205231546135	0.139751946599026	630.5	4.99490580548628	0.205708918052321	-0.0288171110806318	-0.0892457227930174	-0.0562237305236908	-0.0319775336492103	-0.071192648570241	0.267627888956505
"1567"	"Urosticte_benjamini"	581	3.78784343391521	0.236400853960167	553.5	6.32933817206983	0.198968907068518	572	5.00026854488778	0.211394980793792	570	3.98518233665835	0.23941597738583	563	4.71523790149626	0.275382236716165	-0.0179124464921031	-0.0297567348711554	-0.0171531277389858	-0.0179136326683292	-0.0126701951870324	0.100558111692759
"1576"	"Urosticte_ruficrissa"	557	5.10869882169576	0.279150005014348	540.5	14.878890882793	0.322298870028565	561	7.78008640648379	0.168694765293355	562	4.27202210473815	0.271158563602503	551	4.4880439638404	0.319877887292749	-0.0304799976309227	-0.169957947664173	-0.0445735110723192	-0.0169711343059019	-0.0171044787032419	0.116670031981048
"1585"	"Heliodoxa_xanthogonys"	556.5	3.41088866084788	0.214963807507559	540	11.1461113341646	0.317343513747404	566	5.24239801620948	0.225257239571594	568	3.3362135361596	0.237714518358896	553	4.89768812842893	0.238962951365077	-0.0146481891022444	-0.123470465719036	-0.0217173375976725	-0.0283548269077307	-0.0158954379301746	0.108011014669035
"1594"	"Heliodoxa_gularis"	554	4.6239787394015	0.251223087846949	654.5	17.2581122381546	0.285357894967209	563.5	6.0944851882793	0.244254462366649	561	5.58927747256858	0.268164988748973	541.5	5.35414336783042	0.222367837793495	-0.0151831092352452	-0.203276648104738	-0.0162026633832086	-0.0487743655112219	-0.0310014188196176	0.200165222206262
"1603"	"Heliodoxa_schreibersii"	560.5	4.57287357730673	0.230441460190176	441.5	29.7031254047964	0.384036048157974	554	4.21479809725686	0.165014757196023	557.5	5.02988359351621	0.239656251576491	552	6.26337051620948	0.193122147960787	-0.0419103088445553	-0.613430961658815	-0.0527166689276808	-0.0567424989193682	-0.0577421093183707	0.259803390406663
"1612"	"Heliodoxa_aurescens"	479	14.8698723079801	0.289187887627165	568.5	6.60812800997506	0.281662788446333	574.5	5.76919046633416	0.256236580848692	557	4.52970437281795	0.291742923175621	558.5	5.97863285785536	0.291458088353292	-0.284472786317539	-0.0394967422859517	0.00312290561928511	-0.00467774690773065	-0.00795956818786367	0.257232723806075
"1621"	"Heliodoxa_jacula"	562.5	6.38583698004988	0.284828303395024	568.5	10.117427734414	0.227870405100151	567	7.94936421072319	0.219352311610405	567	6.87048994763092	0.288251648445455	564	6.2582788042394	0.250186906141266	-0.0405380788362427	-0.034323149925187	-0.0512620968495428	-0.0747467746217789	-0.0567315505320033	0.0821570175279884
"1630"	"Heliodoxa_imperatrix"	573.142857142857	5.797520519772	0.293843775124148	531.285714285714	5.35296441075882	0.179697521454208	589.857142857143	12.3723127410046	0.278730187700334	572.857142857143	5.60106713501959	0.287149907378716	566.285714285714	5.393809240114	0.272224960783959	-0.0340538631920199	-0.034390851677948	-0.14773116875193	-0.0373735105925662	-0.0279581856596604	0.106182179899972
"1639"	"Clytolaema_rubricauda"	566.5	2.9179911882793	0.238085930414904	700	6.63631490149626	0.211430659800965	700	3.96821620822943	0.161069117539549	571.5	3.56799854488778	0.270265046880814	629.5	4.73794296633416	0.171663823455284	-0.00781379899418121	-0.0167793806733167	-0.0263719909393184	-0.0107637138320865	-0.0152980195344971	0.148523168257751
"1648"	"Chlorostilbon_auriceps"	456	5.20078171571072	0.139522196713211	586	6.02826441645885	0.022133862593672	585	7.06489529925187	0.0137376245799879	557	6.87776361845387	0.221625052244314	553	8.61776148004988	0.188546723645974	-0.0260649713881962	-0.00559912610141313	-0.029604321670823	-0.0589849492684954	-0.0665610687448046	0.143529606847045
"1657"	"Chlorostilbon_canivetii"	591.5	4.58861129551122	0.277862451436568	585	11.404030319202	0.0638468776149297	583.5	7.96062735162095	0.167459155046383	583	6.19721346009975	0.235286648304604	584	9.20445819451372	0.256814782825382	-0.0049278463674148	-0.0316892354613466	-0.0573564776641729	-0.0590978999168744	-0.0693320415461346	0.130549832368276
"1666"	"Chlorostilbon_assimilis"	566.5	2.09994355610973	0.213928751420176	700	3.39951589775561	0.0683249843498159	700	7.15575939526184	0.0744352026499514	574.5	3.53035620074813	0.223759230209252	555	4.35206333541147	0.207901893492315	-0.00954047477971737	-0.0170249708561928	-0.0356216694181214	-0.0263400747132169	-0.01615456879468	0.126847608653855
"1675"	"Chlorostilbon_gibsoni"	575.5	3.56080859600998	0.214530401622063	628.5	8.34144484289277	0.0896983211523019	692	6.21022152119701	0.0686526128216773	568.5	4.18472699127182	0.242876504664742	562.5	8.13877228678304	0.266637777482321	-0.0362379091521197	-0.0547578329343308	-0.0534501146550291	-0.0410816975727348	-0.0703214040149625	0.140373412108946
"1684"	"Chlorostilbon_olivaresi"	584.5	5.9970931521197	0.196454530278596	551.5	13.0749135947631	0.014409105613038	639.5	6.48810043765586	0.0795925473884506	573	6.51814819950125	0.217848843569195	561	7.31371191645885	0.226615655305536	-0.0257818347049044	-0.0275656257024106	-0.0643582449044056	-0.0612022675561097	-0.093291309833749	0.135837964234388
"1693"	"Chlorostilbon_ricordii"	552	1.8955998553616	0.221546005383822	679	11.7674238927681	0.0682750767977681	553	5.25276457855362	0.172276064276744	552	2.47251485286783	0.250591431249958	562	9.39682499501247	0.242532323748154	-0.0248551807481297	-0.036544990573566	-0.0235831838736492	-0.0302050691604322	-0.10435577433084	0.102679768330805
"1702"	"Chlorostilbon_lucidus"	585	3.12139746009975	0.24499539091903	700	9.67845143890274	0.114002222783851	645.5	4.31310243017456	0.0732355777907392	573	6.10612443765586	0.251451184881365	553.5	7.45678477930175	0.21753990264602	-0.00908223768079801	-0.0306513206483791	-0.0236613676142976	-0.0461709474812968	-0.0414999836492103	0.149877519739
"1711"	"Chlorostilbon_poortmani"	612	1.60895037531172	0.230100266565743	693.5	7.40948471695761	0.0497016801605127	687	5.08741225187032	0.0448387223686806	592	5.58374218703242	0.272750999771142	578.5	7.18946294264339	0.260650836541536	-0.00689299566916043	-0.0350969689526185	-0.0217671484621779	-0.0447629960266002	-0.0450360669659185	0.16167971083227
"1720"	"Chlorostilbon_notatus"	559.5	3.95690815336658	0.219154667106513	558	6.45092432169576	0.297785219686723	548.5	8.14053550623441	0.0569973944651617	556	7.62717199376559	0.249787029313326	557.5	7.40379010224439	0.197929229903189	-0.0352967517290108	-0.0275111227680798	-0.0767567049210307	-0.126414190856193	-0.0999887753865337	0.134124186162435
"1729"	"Cynanthus_sordidus"	648.5	5.71616318578554	0.0833960159946357	700	8.02534246633416	0.0728873727582861	585	7.37426755112219	0.0207540968033353	597.5	5.77561214588529	0.131289283608249	598.5	9.55286382543641	0.132923599553269	-0.0137056932585204	-0.024715092876143	-0.0387115614131338	-0.0185788937240233	-0.0159407457190357	0.0768083187871816
"1738"	"Cynanthus_doubledayi"	571	6.07971853990025	0.144203691436626	700	8.05676117456359	0.0388625186153111	470	8.16143047381546	0.0229916827309268	569	7.13638019077307	0.180642557602534	552	7.42348918578554	0.153698450585896	-0.0230037923773899	-0.0206179845137157	-0.0521396586616791	-0.0602298333665835	-0.0610122306650042	0.107678801820835
"1747"	"Cyanophaia_bicolor"	540.5	4.12274470448878	0.219275635028599	700	10.6962716608479	0.0262672359703231	700	9.51764853117207	0.0425431010349249	560	5.59939052493766	0.211124570383912	542	6.88573853740648	0.190206516377104	-0.0558220446633416	-0.0547651885120531	-0.0888532792684954	-0.0681062723275145	-0.0920844104405652	0.144799209644574
"1756"	"Abeillia_abeillei"	560.5	4.16884315461347	0.214559591317083	439.5	7.30650688778055	0.0624000252363242	520.5	7.30392928054863	0.120789830084025	552.5	5.81587266708229	0.195479943779266	550	4.80640763092269	0.185423360754017	-0.0160786306317539	-0.00694183507065669	-0.0436619550124688	-0.0297754959351621	-0.0320020566749792	0.162005272060951
"1765"	"Stephanoxis_lalandi"	569	3.60254779925187	0.223387287308602	700	5.56052171446384	0.0877092854048271	700	3.93858102369077	0.0757088977687387	558	6.32082300249377	0.249305978838853	560	7.27180993142145	0.235156836473046	-0.0199088299168745	-0.014392259035744	-0.0146521154862843	-0.0198113151454696	-0.0836141515378221	0.135109430662922
"1774"	"Stephanoxis_loddigesii"	579.5	4.93471741396509	0.222975888995332	700	8.01628983042394	0.0736435744619212	700	4.45052483790524	0.0348637909401974	578	5.32197012718204	0.257526142711697	577.5	7.20097012094763	0.242878032171519	-0.0387989903241895	-0.0121511282876143	-0.0199011617539485	-0.0216194046467165	-0.057503653674148	0.140108152754035
"1783"	"Aphantochroa_cirrochloris"	535.5	3.16517824563591	0.113499636516969	630.5	4.65873775436409	0.0914637437471113	700	4.26799182543641	0.0662244623203109	588	3.34151253491272	0.132010753590786	593.5	5.00500677182045	0.135714766883071	-0.00894927225270157	-0.0189754422693267	-0.0292977373233583	-0.0343921227348296	-0.0197233732418952	0.0848329396647446
"1792"	"Phaeochroa_cuvierii"	579.5	6.41422966957606	0.189609733565586	560	3.96492002493766	0.1609668926986	639.5	7.21310378927681	0.132283274280644	576	6.77418165710723	0.223693369988188	579.5	7.70355078553616	0.23800846641138	-0.0408131039567747	-0.0162349957190357	-0.0718257103574397	-0.0724389208063175	-0.0807540178719867	0.0803233343758566
"1801"	"Campylopterus_curvipennis"	479.5	4.75761220490441	0.173724585390924	508.666666666667	14.965208425187	0.0238236429364495	507.666666666667	10.6087302610141	0.0336634685441153	563.833333333333	7.25953491812136	0.212889106192719	560	8.12414465793849	0.222759570409456	-0.0285602725491826	-0.0380635250817401	-0.0481672815960099	-0.0637581865447492	-0.0611299298448323	0.188945991555022
"1810"	"Campylopterus_largipennis"	562.5	2.91120477057357	0.136798338363313	409	9.28322622069825	0.0195573895817892	411.5	8.21257220324189	0.0130168817885331	558.5	4.67669427182045	0.165419723797713	550.5	7.66248745760598	0.191372499801906	-0.0258530108645054	-0.0316740726267664	-0.0582435499584372	-0.0514131055029094	-0.0889857725519534	0.112852578329721
"1819"	"Campylopterus_rufus"	576.5	4.7477708117207	0.178602647092908	700	8.06847320698254	0.191262518951915	700	3.92408546009975	0.160160585817319	573	5.03415101870324	0.245748574162717	568.5	7.64114571571072	0.259950914909299	-0.0430771570906068	-0.0130987612219451	-0.0254914480465503	-0.0424808473482959	-0.0638567012967581	0.107783811674023
"1828"	"Campylopterus_hyperythrus"	572	6.80421380798005	0.230078293417372	700	1.90841895261845	0.188595773591228	700	3.30782445386534	0.124952741128067	575	6.12198389027431	0.223313513139657	573	6.27886075062344	0.245404082878686	-0.00422888106400664	-0.00671098955943475	-0.0214907498254364	-0.0243542419950124	-0.0280238136492103	0.110421555609988
"1837"	"Campylopterus_ensipennis"	571	1.56276972069825	0.18010903246567	481	2.60114892518703	0.303593098784197	539	4.1541666234414	0.159358215716106	550	5.51981135910224	0.222972670481054	538	10.7370627506234	0.290791098834671	-0.0172056903574397	-0.00615241677472985	-0.0273250469160432	-0.0429023219118869	-0.120761906716542	0.2417474779447
"1846"	"Campylopterus_phainopeplus"	570	5.55680682917706	0.210089254168141	555.5	12.1884537169576	0.0268669976533797	412	8.92482309102244	0.0167813135902671	561.5	5.47217834912718	0.258366064215039	568.5	9.44558743516209	0.261204252570129	-0.0145557153699086	-0.0465198658935993	-0.0839810466916043	-0.0150005291354946	-0.15671894234414	0.16695180006354
"1855"	"Campylopterus_duidae"	566	6.08506193516209	0.230407272247733	700	2.50632076309227	0.0907467784953804	700	7.14175696508728	0.0339030409162281	564	2.3858852244389	0.198075830817427	556	6.73681642144638	0.241434857968608	-0.0084867902743142	-0.00786752807980051	-0.044350933599335	-0.0175220989193682	-0.0432421633250208	0.134385788927054
"1864"	"Eupetomena_macroura"	468.75	4.70800633977556	0.282626120250188	467.25	5.56777632294264	0.332838371337067	512.5	2.96563617955112	0.178546907548657	517	4.19066295885287	0.159093488862767	545.75	6.64625513715711	0.155512904877775	-0.0381998599542809	-0.0600960560515378	-0.0241759068661679	-0.0276781706691604	-0.049178455436409	0.235888621424031
"1873"	"Eupherusa_cyanophrys"	567.5	4.13936562593516	0.147936899476636	584.5	12.6806456895262	0.0362283704145851	438	9.59855915835411	0.0327640219859004	574	6.33005276309227	0.181604791556952	572.5	7.30297880049875	0.212579179582482	-0.0279186361429759	-0.0281239303325021	-0.0222503656275976	-0.0165149869991687	-0.0491566774812967	0.150431084868182
"1882"	"Eupherusa_poliocerca"	566.5	5.61335973815461	0.187305784132499	470	17.650282319202	0.0221186222131862	469	13.0306007007481	0.0134733124999228	562	5.27799754613466	0.184411430866873	572	6.92745669201995	0.217593894355704	-0.0138357857855362	-0.035844772003325	-0.0796652489526184	-0.00813816298420616	-0.0242711795012469	0.148431131736714
"1891"	"Eupherusa_nigriventris"	573	2.39701714962594	0.179733569162182	700	7.36518805735661	0.0570502803435632	700	4.62514164837905	0.0284396523439238	562	5.60534825187032	0.219867691629002	573	8.7532656234414	0.25371956786435	-0.0216617736990856	-0.0475371795677473	-0.025575183840399	0.0198999130008312	-0.112191849343308	0.13831285426015
"1900"	"Elvira_chionura"	572	1.99775447880299	0.204656576271054	700	5.97008412593516	0.0477226568948257	636.5	12.6757420399002	0.0952249092273817	567.5	7.33647260473816	0.281430138889832	565	6.75201313216958	0.273540180510608	-0.00889273291770574	-0.00754832576059852	-0.0452526892684954	-0.0838033381213632	-0.0814679847963425	0.148160112760158
"1909"	"Elvira_cupreiceps"	605	0.671033021197007	0.249888982930651	556	11.5701680735661	0.0316966206599077	556	4.91382846259352	0.0327332443160713	581.5	4.69761733541147	0.281569213668912	585	5.6276844563591	0.252861235728984	-0.00426280581878636	-0.0501913008146301	-0.014243237680798	-0.0577710827015794	-0.0460497698669992	0.174611742842494
"1918"	"Microchera_albocoronata"	582.5	2.15209584289277	0.173570515716844	413.5	4.93403585785536	0.0233757394628556	556.5	7.12918181795511	0.0426778880142078	572.5	5.05774974189526	0.202579183338716	576	3.80880240523691	0.189920366068051	-0.0148836766334165	-0.0249553775062344	-0.0421458601330008	-0.0337941286034912	-0.0185829343807149	0.12179577288636
"1927"	"Chalybura_buffonii"	569.5	3.58359350872818	0.171450751227769	700	9.66469992269327	0.0566583063741647	698.5	6.33110162468828	0.0442404626178303	555.5	6.01307967705736	0.265127475351461	552.5	6.50727799376559	0.256094527009677	-0.0171995649210308	-0.0509376377639235	-0.0489236191022444	-0.0706741904239401	-0.0836136706899418	0.154754649646112
"1936"	"Chalybura_urochrysia"	559	2.95873531421446	0.162957309578153	625	6.79571580922693	0.104230424820843	697.5	8.20175564339152	0.066647379799528	551	4.90704062468828	0.28010390961385	577.5	6.93503852119701	0.243891684619221	-0.0248918933998337	-0.0635843506816292	-0.0606321626766417	-0.0626384606566916	-0.0901251271903574	0.147298575457842
"1945"	"Thalurania_ridgwayi"	561.5	5.64094456733167	0.188973577412706	470.5	11.4433905448878	0.0178699512157097	470.5	12.5358571733167	0.0176945855110949	568	6.43498143765586	0.192898380300487	575.5	6.52547018578554	0.153536765203203	-0.0141383691936824	-0.0367253702743142	-0.0576746644555278	-0.0336276565336659	-0.0103255104571904	0.144590921456945
"1954"	"Thalurania_furcata"	562.5	2.59718636284289	0.207068057789077	700	10.645141819202	0.0555520370661494	556	8.58758620199501	0.047125246482417	557.5	6.8675175	0.237804529026454	557.5	6.43800721446384	0.238827245262004	-0.014846793042394	-0.0557871804239401	-0.0400581149293433	-0.0650894878553616	-0.0978642415627597	0.137666641435915
"1963"	"Thalurania_glaucopis"	563.666666666667	3.95507808312552	0.178907699163755	623	9.06703348545303	0.0684792487244037	700	7.42765087863674	0.0436512289265556	561	5.96333234247714	0.229615986113535	548.666666666667	7.20712325270158	0.241763105241936	-0.0214980785757828	-0.0103536754059296	-0.045871959628706	-0.0565180916819063	-0.0722007632973123	0.140922364194317
"1972"	"Taphrospilus_hypostictus"	579.5	3.25390497880299	0.169724100682447	583.5	5.50980998254364	0.132789053595739	497.5	12.1573446433915	0.0689799654841082	564	5.1342438840399	0.19699408425259	561	6.91968221571072	0.222448193265646	-0.0384401905320033	-0.042231421521197	-0.10645409088113	-0.0500760744970906	-0.100642824355777	0.0984960621566576
"1981"	"Leucochloris_albicollis"	573	4.75732049501247	0.186095692749929	411	9.50174721072319	0.0147321465200999	556	5.66582728179551	0.160657849795925	560	5.48458774314214	0.242621343958651	558.5	11.8721257394015	0.251035118449399	-0.0416531187531172	-0.0279404767913549	-0.0412891404405653	-0.0646868780216126	-0.13198099436409	0.124574694296634
"1990"	"Leucippus_fallax"	700	3.26153932294264	0.119544569490234	700	7.28186100872818	0.137630474993871	700	8.86372802369077	0.0768076632605986	554	6.67719200872818	0.199258940274849	637	7.63076124812968	0.115632519083752	-0.00434448869492936	-0.0253444466334164	-0.0449053504655029	-0.0576747714796342	-0.0607336548295927	0.0790748956671666
"1999"	"Leucippus_baeri"	700	3.35706149127182	0.134842422807087	700	5.62511379800499	0.141056990036685	700	2.47388382793017	0.121677770942776	596	2.4977172244389	0.201406424182722	601	4.34629006982544	0.193915986262451	-0.0164703301413134	-0.0043267184538653	-0.00440853167082294	-0.0106267580382377	-0.0449686304239402	0.0772034685582388
"2008"	"Leucippus_chlorocercus"	580	5.08153714339152	0.179547362338813	532	5.37686043516209	0.0354622752845616	555.5	9.61893032169576	0.0236356764354501	573	6.99548887032419	0.232715850697691	565	9.6534688765586	0.184769125693103	-0.0457016659019119	-0.0512439859850374	-0.0916634093765586	-0.0991785120615129	-0.143578484413965	0.127190922060781
"2017"	"Amazilia_castaneiventris"	660	3.95283788778055	0.17593450134156	569.5	9.92615905610973	0.236564328440175	700	8.00980726433915	0.148270909491584	659.5	4.32133809725686	0.207618346634736	700	7.81795193017456	0.0992854210822757	-0.0290448994596841	-0.127996797805486	-0.063055210723192	-0.0403055851620948	-0.0675939989193682	0.134273474727743
"2026"	"Amazilia_amazilia"	575.333333333333	4.76032689692436	0.225729624048509	578.333333333333	15.7672478927681	0.269883393527756	544.666666666667	13.6293844380715	0.0838292152261411	575.333333333333	7.12834082044888	0.229036567128277	603.333333333333	8.54266814546966	0.245515695687996	-0.0273201431920199	-0.217654247824882	-0.100016932380161	-0.0533067490606816	-0.065591113821003	0.142986095845584
"2035"	"Amazilia_leucogaster"	603	1.68570168578554	0.161363543860761	467	12.9749822917706	0.0306078404795533	467	10.9848621645885	0.035595593223252	581	8.99678303491272	0.282681804722158	584	5.6771622967581	0.259385611578714	-0.013605217605985	-0.0907384146633416	-0.117553934979219	-0.0931016983873649	-0.00893590862842888	0.169149929837057
"2044"	"Amazilia_versicolor"	560.2	6.29181394862843	0.247790201523381	542.4	9.10490789226933	0.20413641001279	547.6	5.69245791670823	0.118357901088857	567.2	5.1150286798005	0.230540786633923	590.8	5.88844442793017	0.181196173654158	-0.111946361270158	-0.0925021078869493	-0.0566493614763092	-0.0391814834812967	-0.0720557425536159	0.160788005067818
"2053"	"Amazilia_candida"	593.5	5.62308471945137	0.174943435175774	468.5	20.6548290162095	0.0217732446085477	469.5	10.7421913653367	0.0768295551839443	578.5	6.39268792394015	0.165208818132192	600	7.52296032543641	0.182338836713967	-0.0348689838902743	-0.105286291936825	-0.0558893864422278	-0.0276943444222776	-0.0442822182128013	0.138992737464817
"2062"	"Amazilia_boucardi"	577	2.5451759925187	0.17226308442686	700	4.12152605735661	0.0835129790200579	700	11.3058435012469	0.0551407895181491	580	7.24475802493766	0.261191863696432	580	8.54157565586035	0.250171817138412	-0.0190670988029925	-0.0121640775893599	-0.101395228894431	-0.0954468183208645	-0.141352736126351	0.12833664525296
"2071"	"Amazilia_amabilis"	561	6.06739670698254	0.341851666809484	552.333333333333	7.58385936325852	0.142088994669659	601.333333333333	3.86423669326683	0.104135102351955	560.333333333333	7.51773895677473	0.251995924853983	570.666666666667	5.5406466716542	0.239590154694826	-0.0764797415544472	-0.0383855249986146	-0.0320664833416459	-0.07412083413688	-0.0364665366860626	0.191918692451539
"2080"	"Amazilia_decora"	569.5	10.2105536571072	0.254769288766941	515.5	3.9027366882793	0.200752887870267	567	4.11508158977556	0.102700495412056	575	4.2782673915212	0.217447215258001	601	5.23986873441397	0.200465642943534	-0.169392499318371	-0.0147076734081463	-0.0387673134164589	-0.0502799651454696	-0.0547958392186201	0.178652167585297
"2089"	"Amazilia_cyanura"	576.666666666667	4.75428657938487	0.134397642526161	554.666666666667	14.3171380157938	0.296864621796828	576.333333333333	5.31410387697423	0.16158482545068	536.333333333333	5.20960865170407	0.18328563949276	562.333333333333	5.84504479717373	0.139104406598591	-0.0377469606650042	-0.200715618764201	-0.0166629943585481	-0.0219276934829593	-0.0351394958658908	0.15260319415387
"2098"	"Amazilia_viridifrons"	471	4.56867801745636	0.108000620736806	468.5	23.051831053616	0.0343387964686372	468	13.7607274800499	0.0197766972385568	608.5	4.97598179551122	0.120881778455673	696.5	6.5096335723192	0.104889758031485	-0.0183395866916043	-0.127914647082294	-0.0882761663424771	-0.0101207412468828	-0.0436654420532003	0.104907416371322
"2107"	"Amazilia_wagneri"	617.5	4.7503827244389	0.149257370617396	469.5	20.9322943117207	0.0488390745694941	468	17.9277274314214	0.0310030439654195	629	5.83926064089776	0.171194970826065	700	8.58565750124688	0.0970545543286367	-0.0142565305901912	-0.131308636583541	-0.132549135527847	-0.0131534563092269	-0.0615318607813799	0.135284698920303
"2116"	"Amazilia_fimbriata"	582.75	4.14333974314214	0.169492203637997	524.25	7.82588533665835	0.202502553400753	560.5	5.04608048379052	0.163852916400617	566.75	5.65690035286783	0.232305349655292	571.75	8.69659408354115	0.231864853034911	-0.0393447565752286	-0.0764504495511222	-0.0560096980008312	-0.0398813619783874	-0.108333113678304	0.115751176668944
"2125"	"Amazilia_lactea"	595	4.07273931296758	0.155403765816911	466	3.03363229551122	0.222638862528882	500	5.02763383665835	0.193758135992253	562	4.86926236159601	0.216038717033958	580	4.7655857244389	0.172520852455811	-0.0261042967082294	-0.0224095923441396	-0.0537914305486284	-0.0446193304488778	-0.0493194094098088	0.223203830933403
"2134"	"Amazilia_bartletti"	592	4.87304877057357	0.179992234603246	468	3.89589946633416	0.134754128123271	475	2.24739510972569	0.0746119139206245	577	5.93596995760598	0.21497204078639	569	5.30162529925187	0.185019511987983	-0.0361948495594347	-0.0169427631421446	-0.0220683742144638	-0.0663799185203657	-0.00835716977556108	0.157411902884465
"2143"	"Amazilia_rosenbergi"	567	4.05504591396509	0.197735036339237	540	12.5656608553616	0.292852749229729	550	5.03442192269327	0.185990100175839	559	5.43757296508728	0.239473006210395	566.5	6.54648926932668	0.231572498711619	-0.00469836585203658	-0.149684239326683	-0.0616741175394846	-0.062767929276808	-0.128585944139651	0.117183232066899
"2152"	"Amazilia_edward"	586	4.94019539775561	0.194093259524117	564	7.58618086408978	0.249114136315059	556	12.3590775985037	0.0411110728066695	622.5	8.82820851620948	0.297233079034246	690.5	7.87435485910224	0.190841326083897	-0.0393376676309227	-0.123476216716542	-0.0775015043724023	-0.110053561936825	-0.0400475885619285	0.209215527213546
"2161"	"Amazilia_viridigaster"	574	4.22738582876143	0.195453549018132	550.333333333333	4.93086133665835	0.265677651130616	567.666666666667	3.8715881837074	0.235314069916384	566.666666666667	5.12201295095594	0.216010201580702	657.666666666667	5.65575702327515	0.149394565392315	-0.0242634552341369	-0.0492589438348573	-0.0271337944361319	-0.0335531700249376	-0.0545663535383763	0.155633734832661
"2170"	"Amazilia_tobaci"	552	1.80352537905237	0.293973578772188	548	11.3328535548628	0.361177093320231	549	5.81974916458853	0.347017464808253	554.5	2.34940019201995	0.278340471206824	617.5	5.91135347007481	0.272493033191976	-0.0060359780964256	-0.184851691147132	-0.043485433599335	-0.00675200157938488	-0.0842674496176226	0.1787645812075
"2179"	"Hylocharis_sapphirina"	569.5	4.3552049276808	0.204869221549976	595	3.49672374189526	0.0984731778001985	700	9.04547473690773	0.0480718634597663	555	6.43510074688279	0.255165572865958	605	4.54247738029925	0.148757549096067	-0.0267573187448046	-0.00485177100581879	-0.0540225263092269	-0.0529711357024106	-0.0501587582626766	0.158866811742683
"2188"	"Hylocharis_humboldtii"	576	3.81227800249377	0.14842965537191	700	14.416765255611	0.0258983721095568	410.5	16.2408666097257	0.00724456397891955	560	5.61018298503741	0.252161900438436	577	9.22036917705736	0.266029695020359	-0.0307189839401496	-0.0649717758769742	-0.147966424921031	-0.0399963731421446	-0.172503165369909	0.166569061412081
"2197"	"Hylocharis_grayi"	575.5	3.3189633765586	0.10614773880048	624	9.41361584289277	0.115904518603787	638.5	5.95420570074813	0.111747324960484	576	7.29057796259352	0.254044428147289	576.5	8.37969175311721	0.204152284625369	-0.0237680278304239	-0.0447910499418121	-0.0393831834995844	-0.0362963063591023	-0.097637210332502	0.118058224516712
"2206"	"Chrysuronia_oenone"	537.5	3.8656985074813	0.174954975518483	614	9.09587982169576	0.0982409367506382	565	8.15351949376559	0.119715518919964	558.5	7.55585040773067	0.266024968839602	590	9.12637308104738	0.263672415513881	-0.00626802814630092	-0.0387567954696591	-0.0592626376974231	-0.0313881109226933	-0.062966716325852	0.163792951518309
"2215"	"Goldmania_violiceps"	566.5	1.71104556733167	0.233060091553038	700	9.99941224189526	0.0347845233935153	626.5	9.06402098379052	0.0302816543375673	560	5.7505408478803	0.291553833181807	553.5	6.97718016832918	0.279083953638096	-0.0171298235162095	-0.0599005149709061	-0.0773051329343308	-0.0623770631504572	-0.0856066311720698	0.169366199368544
"2224"	"Lepidopyga_coeruleogularis"	569	4.72901715835411	0.165672997823312	411	7.79092670573566	0.013937907537903	626	9.59759601371571	0.0545609046077704	553.5	5.79933869700748	0.237355940888662	579.5	7.21448675311721	0.242770737426517	-0.0301741477140482	-0.0515276095344971	-0.0795136794264339	-0.0728743749875312	-0.0836702687198669	0.154139655948128
"2233"	"Lepidopyga_goudoti"	555	5.26788655985037	0.169014546424376	543	10.7553885523691	0.330735123555692	479.5	18.9631822930175	0.184214004310429	560.5	3.87119983167082	0.247336311487294	569	8.44259079052369	0.263180517216621	-0.046417965918537	-0.109616138487116	-0.242067784646716	-0.0486110364588529	-0.1304924959601	0.16776686962477
"2242"	"Damophila_julie"	567	3.86862745261845	0.278728762950208	624.5	8.3938489488778	0.153122204720171	687.5	6.49487526184539	0.0723978070188472	560.5	7.35005360723192	0.261099954264249	576.5	9.16471824563591	0.242826956420605	-0.0339052805985037	-0.0495586273566085	-0.0669294282128013	-0.0926923555694098	-0.129085675336658	0.148036521535019
"2251"	"Hylocharis_cyanus"	554	4.41614543640898	0.179859530312855	555	6.39908342892768	0.0393217947075862	412	7.61418017082294	0.00858312022307677	574	7.17969017331671	0.240529596941733	612	8.1618949488778	0.196994867523405	-0.039224413283458	-0.0427547216957606	-0.0711204080133001	-0.106018760739817	-0.106861327730673	0.165401944992174
"2260"	"Hylocharis_chrysura"	602	3.99938081546135	0.177787888730918	618	5.56484535037406	0.153983251923292	651.5	7.93657573316708	0.135526876018317	595	7.81194699501247	0.260711600381433	598.5	8.87141448129676	0.245062287275973	-0.0170075234580216	-0.0350013657938487	-0.0700390090108063	-0.0574992222111388	-0.075181392651704	0.0890438885031508
"2269"	"Hylocharis_leucotis"	700	5.08993622817955	0.0904800305384749	559	9.14705981546135	0.141151366172684	586.5	10.6201407381546	0.224690112052911	582	6.78957789775561	0.208345243207996	587.5	11.5711496371571	0.26952018289569	-0.0272380330922693	-0.0230665269991687	-0.0956212723025769	-0.0326741913300083	-0.138454948304239	0.121743754538748
"2278"	"Sternoclyta_cyanopectus"	554.5	5.10806642144638	0.252119616260715	558	9.36672837531172	0.283796570235524	567	5.37689363341646	0.207418665524	553	7.83219170324189	0.300409525416486	552.5	6.40624617456359	0.277508518575807	-0.016336676716542	-0.106882277855362	-0.05916320120532	-0.0579191455029094	-0.0351933934330839	0.0818630743008677
"2287"	"Panterpe_insignis"	479.5	25.6387081510063	0.423284910605094	619	20.3189139275468	0.390403052981033	556	13.0504158042394	0.276815474363337	562	3.93710946508728	0.206141116778671	540	13.5684004289277	0.305314827356646	-0.55590553769178	-0.389696264386347	-0.165185070789692	-0.0344574617788861	-0.121738312909393	0.423361292183646
"2296"	"Heliomaster_squamosus"	597.5	4.87800375561097	0.162079976211282	643.5	4.60066794389027	0.0800218915490206	577.5	4.06383220947631	0.20625722166471	594	4.62286656483791	0.212742606759326	596.5	7.54733336533666	0.265199967202272	-0.0383286718869493	-0.0166425350789692	-0.0494318919783873	-0.052069060074813	-0.111125183341646	0.106165725518201
"2305"	"Heliomaster_furcifer"	609.5	6.17473466583541	0.188267589491672	556	14.945506744389	0.0337277707002094	551	7.70092482294264	0.0358318660624091	588	6.65695417830424	0.226699997964286	598	8.04408454738155	0.249568674493492	-0.0425468444804655	-0.0324082030008312	-0.0456934577722361	-0.0666297133665835	-0.0985043425852036	0.13114337333149
"2314"	"Lampornis_viridipallens"	567.5	6.64723340399003	0.208271501103633	470	13.0150600735661	0.0373458858037823	469.5	11.6883929201995	0.0345617613009766	571	9.4525762244389	0.20472613643681	568	8.66216615336658	0.181958922963095	-0.0496301124106401	-0.0133368076724855	-0.0649112635328346	-0.0889468284621779	-0.0486221286783042	0.131234248595437
"2323"	"Lampornis_hemileucus"	570	4.20798573316708	0.221193197627773	700	7.96327877805486	0.0802842204199767	556.5	8.66280309975062	0.0480903994343763	562	8.22037161471322	0.274676575740234	566	5.22005730299252	0.245115855604332	-0.0364617601246883	-0.0489486144721529	-0.0773447584538653	-0.0922115824189526	-0.00036046534497092	0.153256052542114
"2332"	"Lampornis_calolaemus"	569.666666666667	3.56965193433084	0.230573860699523	700	4.03970385120532	0.209449655212849	700	3.13976824522028	0.182272513157309	559.666666666667	5.22533259684123	0.269533153496545	545.333333333333	7.28574849875312	0.252697007213733	-0.0399424580160709	-0.0232624252590745	-0.0179389735217512	-0.069847067104461	-0.088647736918814	0.135222953593182
"2341"	"Lampornis_cinereicauda"	562.5	6.34656882793017	0.199582807489307	700	3.80895104613466	0.192518721843559	700	5.60335538902743	0.163551126858958	562.5	7.23784947755611	0.237200155153606	543	6.83124574064838	0.234746217185066	-0.0555849588528678	-0.016063557514547	-0.030286775361596	-0.0867828901163757	-0.0949993514796342	0.112803142198035
"2350"	"Lampornis_castaneoventris"	583	5.37270006982544	0.183707349982753	700	6.77130932917706	0.22319196043536	700	6.21843783167082	0.172991380016724	568	7.01600727930175	0.229047597667484	559	9.40224797381546	0.251097691562501	-0.0431716389359933	-0.0276738299085619	-0.0292384665253533	-0.0856897318204489	-0.140455786101413	0.111733699396392
"2359"	"Myrtis_fanny"	656.5	2.54683982294264	0.0999672314607429	700	6.32317042518703	0.072170856972593	469	4.92427405236908	0.0401416510229852	609.5	6.43229251870324	0.266020235222719	594.5	8.72326853740648	0.251959765721689	-1.18635743973328e-05	-0.0108185060016625	-0.016864969517872	-0.0764850307647547	-0.104835631363258	0.147701358749388
"2368"	"Eulidia_yarrellii"	592.5	4.35491441396509	0.208325816613129	548	9.14981583665836	0.0380393735759605	411	11.1461242842893	0.0206715354598155	600	6.74524538279302	0.234369357973291	586	10.232664563591	0.23577618083095	-0.0236535584372402	-0.0249483043142145	-0.0919227677971737	-0.0461512454197838	-0.0697831065336658	0.141462020124978
"2377"	"Rhodopis_vesper"	647.5	5.62822591147132	0.142508744509261	556	7.74800019950125	0.0355758408987819	412.5	8.9566169351621	0.0249117862688029	599	7.03549410972569	0.2364854868133	585	6.98235338528678	0.1786656671205	-0.012505964322527	-0.0101994809975062	-0.0331422679467996	-0.0754586158354115	-0.0512964182294264	0.120744291566976
"2386"	"Chaetocercus_mulsant"	618	6.04178830548628	0.214903952687978	700	11.2042895548628	0.108662966304035	700	7.75527180922693	0.132875043864612	599.5	5.26473407730673	0.283878698968673	608.5	6.70524163591022	0.270577383120064	-0.0250466783541147	-0.038744271446384	-0.0690454987531172	-0.0145441117456359	-0.0342049033000831	0.110851842861954
"2395"	"Chaetocercus_bombus"	605	1.92891874812968	0.142392337868328	678	5.51878958354115	0.104932390937431	689	4.859260159601	0.133169223113612	589	4.55273720698254	0.171999825701439	567	2.08912664837905	0.107336976109452	-0.0176361662011638	-0.00997874709891937	-0.0352781923524522	-0.0437895465835411	-0.00677275193682461	0.0757106623154244
"2404"	"Chaetocercus_heliodor"	602.5	4.23270790149626	0.198067834885528	700	6.23195899625935	0.111646078388244	700	6.15103938029925	0.128353549925477	571.5	5.24855589027431	0.224558077956859	643.5	5.21012284164589	0.200541068767194	0.00801070560266002	-0.0408655384621779	-0.0492548086533666	-0.0332468162926018	-0.0319173917373233	0.102201976492204
"2413"	"Chaetocercus_berlepschi"	596.5	1.25658174812968	0.166886132186552	700	4.01362434164588	0.156539031050361	697	5.29756465087282	0.115828656332658	602.5	2.98193150498753	0.224581992908067	591.5	6.77642991147132	0.266603717611551	-0.00792062932668329	-0.0176898297672485	-0.0392830958686617	-0.0115512504904406	-0.0326379502660017	0.0990089288147708
"2422"	"Chaetocercus_jourdanii"	593	2.95833388279302	0.249186421236181	700	5.62391593640898	0.121361893237297	697.5	5.41261582668329	0.147034965790739	585	7.40778708977556	0.288315637538288	587	7.21184322319202	0.261182053954873	-0.0163229283956775	-0.0176666049127182	-0.0217843128428928	-0.0413702451454696	-0.00499028667497924	0.107743206141577
"2431"	"Myrmia_micrura"	700	3.50966051995012	0.114486494907014	700	7.90629315087282	0.14465334216223	700	7.37246197506234	0.125559133201303	583	7.61584953740648	0.191297234868656	559	9.60654401745636	0.188071173024593	-0.0194656393516209	-0.0158751645137157	-0.0344893610141313	-0.0931488856940981	-0.0661172307065669	0.0835505518739767
"2440"	"Microstilbon_burmeisteri"	592	5.18929221446384	0.139891168544872	700	3.11054238653367	0.148009924750515	700	1.66495378553616	0.0586297837051267	574	5.28409469825436	0.250479959168932	577	7.59571756608479	0.258377782045553	-0.000487969659185396	0.000198694962593513	-0.00363647122194514	-0.0554197190856193	-0.0739396451704073	0.117654326417547
"2449"	"Calliphlox_amethystina"	591	3.51419070573566	0.156462894319368	700	5.50514541022444	0.090437278968043	700	5.46711649625935	0.114413216354284	572.5	5.20493783042394	0.229223210766889	573.5	6.66373941770574	0.23325142522491	-0.0121732846217789	-0.0207469275727348	-0.0210424848379052	-0.0447268544139651	-0.0673876875727348	0.105541353741353
"2458"	"Calliphlox_bryantae"	590	4.32828184289277	0.166726846672649	700	6.90219990773067	0.0914225163611624	700	8.32343631421446	0.136245508594096	591	6.10945799002494	0.232193296705603	596	7.27233289526185	0.264056165912502	0.0127834751122194	-0.0318339776392352	-0.0415383180382377	-0.0584524080299252	-0.054806698088113	0.0981491306363255
"2467"	"Doricha_enicura"	577	4.53496223690773	0.132401053835869	700	8.02037183541147	0.100789291395329	700	10.4581456608479	0.134453979479605	570.5	8.04328117830424	0.239697950940177	570	9.94605740897756	0.258249234244378	-0.0177011668578553	-0.0194874214713217	-0.0522531793266833	-0.0681817578553616	-0.0898475319368246	0.120746596257696
"2476"	"Doricha_eliza"	585.5	5.46607718952618	0.141782950840399	470	13.7747846197007	0.0258795392587144	470.5	13.6287619538653	0.0471766067168501	602.5	6.70962575561097	0.195913314228463	600.5	8.6494997605985	0.143129278809464	-0.02863636159601	-0.00623647562759762	-0.0671905439733998	-0.035902946400665	-0.0293777368578553	0.127717083336828
"2485"	"Tilmatura_dupontii"	621.5	5.10980259725686	0.142676933875	700	12.3187972630923	0.0648624464979865	697.5	8.61972213715711	0.108077190582904	470	4.08874298753117	0.132351350561112	533.5	8.57639728802993	0.118414015257696	-0.0219615369659185	-0.0347449361429759	-0.0193271721030756	-0.0126058112219451	-0.0295464278387365	0.0869416331979116
"2494"	"Calothorax_pulcher"	611.5	5.10085163840399	0.18452603898799	700	7.07387238902743	0.0860700045039043	700	5.4175433765586	0.0887240754739356	595	5.95056536783042	0.237704541807422	579.5	7.97687330922693	0.245311261691058	-0.0337850943724023	-0.0253090754031588	-0.0368812994264339	-0.0169755663009144	-0.0636366477639235	0.110684875014185
"2503"	"Selasphorus_flammula"	611	3.69389328304239	0.215177692494572	681	3.74716557356609	0.105028610140008	693	6.15847805112219	0.0885369491621147	585	6.23043416084788	0.262266544982532	596.5	5.39804445885287	0.24687420869038	-0.0184598033832086	-0.0258130561263508	-0.0433503806733167	-0.0149466347547797	-0.0293297197256858	0.114746011073552
"2512"	"Selasphorus_scintilla"	627	4.70518648753117	0.132795160213282	700	8.10238600124688	0.0848738012564265	700	4.07957436533666	0.129182349769645	601	8.20118061471322	0.261711348886422	601.5	8.64614158229426	0.256410717440858	0.00073510927680798	-0.016936528886118	-0.0314460397506234	-0.0858358726766417	-0.05609346280133	0.107486950962229
"2521"	"Anthocephala_berlepschi"	631	3.99346943516209	0.118593117261662	697.5	6.89035671695761	0.0841467316804555	700	6.7226043553616	0.0680359505869038	559.5	6.10821484289277	0.217872714967371	575.5	6.52611731047381	0.202628948277489	-0.0232907124272652	-0.0344296178719867	-0.044088310482128	-0.0654014190689942	-0.0770275666666666	0.109972130949131
"2530"	"Thalurania_fannyi"	574	4.50149431546135	0.228684913789579	700	12.1889890723192	0.0264504342362604	643	7.51272730922693	0.115742307050761	565.5	4.73165939900249	0.241535135912962	550	8.98061516458853	0.273755810602871	-0.039105806716542	-0.0815326235660848	-0.0756236220199501	-0.0318740624688279	-0.10965402315877	0.158044878758665
"2539"	"Colibri_cyanotus"	560.5	6.51759210349127	0.185967807697101	537.5	10.3081437007481	0.231887016631804	564.5	8.19160202369077	0.188652293416397	558.5	7.51703961471322	0.195628817867304	572.5	8.80004423316708	0.196941679644792	-0.032638589833749	-0.106572374222776	-0.0826702032585204	-0.103914036018288	-0.117664573840399	0.0898001709288283
